Date,log_returns_zscore
2011-03-22,0.0
2011-03-23,-0.7071067811865476
2011-03-24,0.5773502691896257
2011-03-25,1.490806308347446
2011-03-28,-1.2327130572479688
2011-03-29,-0.22707753119975543
2011-03-30,0.569241897291234
2011-03-31,1.83286568666792
2011-04-01,-1.097703537754301
2011-04-04,-0.11090748512400772
2011-04-05,-0.11282449837388847
2011-04-06,-0.5572881933469775
2011-04-07,-0.7485691445621165
2011-04-08,-0.2991284590443709
2011-04-11,-0.19720252712665748
2011-04-12,-0.26494405198796106
2011-04-13,-0.0721691423428419
2011-04-14,0.633529600670648
2011-04-15,1.0767749368833235
2011-04-18,-0.19691031785239674
2011-04-19,-0.34805877957074055
2011-04-20,0.14871660654074487
2011-04-21,-0.7858458413347023
2011-04-25,-0.30009399348868987
2011-04-26,0.1936975548219162
2011-04-27,0.5694208742780064
2011-04-28,-0.11665678666147325
2011-04-29,-0.08490557728837662
2011-05-02,0.8724605648675674
2011-05-03,-0.5992349560693654
2011-05-04,-0.662459708782705
2011-05-05,-0.1993260105415378
2011-05-06,-0.4401335451217643
2011-05-09,0.04041612914343232
2011-05-10,0.547882647642708
2011-05-11,-1.5712844140032505
2011-05-12,-0.4722617566190779
2011-05-13,0.05119973304265929
2011-05-16,0.2324923259670078
2011-05-17,0.06753111751794874
2011-05-18,-0.3647015002458989
2011-05-19,-0.1720746705629191
2011-05-20,-0.4119383570607269
2011-05-23,-0.3359940716713678
2011-05-24,-0.796078398103626
2011-05-25,-0.6300345506991464
2011-05-26,-0.30323032128192656
2011-05-27,0.24090386386791993
2011-05-31,0.011622966605045975
2011-06-01,-0.6096282078846345
2011-06-02,-0.03124676514610164
2011-06-03,-0.3097413381684708
2011-06-06,0.2980299109682848
2011-06-07,0.6843215421587735
2011-06-08,0.7629476825974681
2011-06-09,0.0409072014337753
2011-06-10,-0.9157399167651988
2011-06-13,0.2856120092253122
2011-06-14,0.12440008436492685
2011-06-15,-0.5872820537349466
2011-06-16,-0.20386682810623133
2011-06-17,-0.03890308198076226
2011-06-20,0.09675753661046814
2011-06-21,0.576741926326079
2011-06-22,-0.2759731161223579
2011-06-23,-0.35213986388922774
2011-06-24,-0.44533138414263346
2011-06-27,-0.5719248132544136
2011-06-28,0.1479483515912527
2011-06-29,-0.6593001726353006
2011-06-30,-0.46474242376299607
2011-07-01,0.24914875025493
2011-07-05,0.11393091892587186
2011-07-06,1.067529382771886
2011-07-07,-1.2034537297396444
2011-07-08,0.9076565268081986
2011-07-11,-0.2127789461099045
2011-07-12,-0.6827100622157605
2011-07-13,-0.5493818869770373
2011-07-14,-0.7766111405776857
2011-07-15,0.029028627031291592
2011-07-18,-0.4857138605585683
2011-07-19,0.28501285146943933
2011-07-20,-0.05871005725316708
2011-07-21,0.4294669748097306
2011-07-22,0.9577333938811681
2011-07-25,0.725694234686546
2011-07-26,1.578581810578916
2011-07-27,-1.5986361359173715
2011-07-28,-0.2881997301018357
2011-07-29,-0.8555927900913914
2011-08-01,-1.0774924833089663
2011-08-02,-0.6291105862467905
2011-08-03,-0.5771392867244892
2011-08-04,-0.8267242451043035
2011-08-05,-0.7954306493833007
2011-08-08,-2.2824692472407087
2011-08-09,-0.19962840894436437
2011-08-10,-3.2045844452663035
2011-08-11,-0.1983152949448536
2011-08-12,0.5558618908097308
2011-08-15,1.303386025586721
2011-08-16,1.8626426568065748
2011-08-17,0.15018634635786304
2011-08-18,-1.5043188013254853
2011-08-19,0.12430302818683264
2011-08-22,-0.31121747413988343
2011-08-23,1.7892289014745861
2011-08-24,2.573312906382202
2011-08-25,-1.563204674666666
2011-08-26,1.1564177368880901
2011-08-29,1.0731048447139915
2011-08-30,-0.22181888026933308
2011-08-31,-1.115222981604712
2011-09-01,-0.6758464933741652
2011-09-02,-3.3116003844631168
2011-09-06,0.08027115654004312
2011-09-07,2.1308635336363375
2011-09-08,-2.6497150162879
2011-09-09,-0.6237483646395144
2011-09-12,1.00979267158662
2011-09-13,1.5160431770768068
2011-09-14,0.8766403231127147
2011-09-15,-0.18673696793443734
2011-09-16,0.9375634302708119
2011-09-19,-0.6301792771593119
2011-09-20,-1.622333770607327
2011-09-21,0.3247154716620591
2011-09-22,-0.4647808814756248
2011-09-23,0.10775743088939818
2011-09-26,-0.07908958640073366
2011-09-27,0.08952734911979138
2011-09-28,-4.2415495857464425
2011-09-29,-0.12014876182572723
2011-09-30,-0.06265191733749953
2011-10-03,-1.569709793050115
2011-10-04,-0.2018557827212387
2011-10-05,-0.7206897380777174
2011-10-06,1.8494236206257737
2011-10-07,0.4939502097176877
2011-10-10,1.2462125855314747
2011-10-11,1.7076532165928247
2011-10-12,0.40901874530257665
2011-10-13,0.5527124491385537
2011-10-14,1.7370454616039788
2011-10-17,0.07657606827715518
2011-10-18,0.05853048068702858
2011-10-19,-0.08484334008400887
2011-10-20,0.8771781531279348
2011-10-21,1.4067793566677473
2011-10-24,2.0662386257202967
2011-10-25,0.4225145234834343
2011-10-26,-0.27776630680230296
2011-10-27,0.9547115477731657
2011-10-28,0.33199284560052134
2011-10-31,0.20178603871386486
2011-11-01,-1.6277915642737615
2011-11-02,0.9162732339434498
2011-11-03,1.3829403030887761
2011-11-04,0.03642180053378957
2011-11-07,-0.18586677487717038
2011-11-08,0.8585396494560631
2011-11-09,-1.4107523104631599
2011-11-10,2.8645957384761145
2011-11-11,-0.6344096989582872
2011-11-14,-0.2458130940007348
2011-11-15,2.0049285955461777
2011-11-16,-0.8878071503889594
2011-11-17,-1.082490216584798
2011-11-18,0.8672645328558972
2011-11-21,-1.2407879949072713
2011-11-22,-0.4627151860004739
2011-11-23,-0.40450408196723936
2011-11-25,0.30056908944004473
2011-11-28,1.8584891220436175
2011-11-29,0.6025576190508175
2011-11-30,1.1427920355374122
2011-12-01,-0.029213744662064434
2011-12-02,-0.6870735242039895
2011-12-05,0.26816559372097537
2011-12-06,-0.027829978094370784
2011-12-07,0.37046757700999544
2011-12-08,-1.4442886812784146
2011-12-09,0.5194501247931331
2011-12-12,-1.0283927600423346
2011-12-13,0.4837017026595943
2011-12-14,0.8987036086542395
2011-12-15,0.18253961333193755
2011-12-16,0.8928892607202592
2011-12-19,0.36530553048297504
2011-12-20,0.5363735209728908
2011-12-21,0.5006062236630112
2011-12-22,-0.13868303273371885
2011-12-23,-0.022438449753144726
2011-12-27,0.16703670043563468
2011-12-28,-1.32002292030618
2011-12-29,0.6808801287741515
2011-12-30,-0.9464059553370584
2012-01-03,1.665599302426219
2012-01-04,-0.8147339982534295
2012-01-05,0.18666706685448048
2012-01-06,0.6257897006655567
2012-01-09,-0.6132288658304331
2012-01-10,1.1796147373790358
2012-01-11,1.8778377468741192
2012-01-12,-0.22722701873022813
2012-01-13,-0.24201996051556932
2012-01-17,0.8877966572142594
2012-01-18,0.2139371113394518
2012-01-19,-0.381770932399834
2012-01-20,-0.4122958474673973
2012-01-23,0.38879255716037464
2012-01-24,0.24573448783249388
2012-01-25,1.312352600363056
2012-01-26,1.8390643922927146
2012-01-27,1.03218982301694
2012-01-30,-0.2665679517643036
2012-01-31,0.7769658350882506
2012-02-01,1.4221293932526593
2012-02-02,-0.3386121981182303
2012-02-03,-0.1419118010007915
2012-02-06,-0.06746558130642559
2012-02-07,-0.6557289879779798
2012-02-08,0.13647505625197615
2012-02-09,-0.9181870372441645
2012-02-10,-0.8800932993372038
2012-02-13,-0.047324138332579466
2012-02-14,0.1891511755141205
2012-02-15,-0.11374557217339129
2012-02-16,-0.21971627181386208
2012-02-17,-0.033828608569845764
2012-02-21,-0.14055292505934278
2012-02-22,-0.5044691393587724
2012-02-23,0.6280190472716273
2012-02-24,0.006317301897243346
2012-02-27,-0.6013270363003346
2012-02-28,-0.5522484995174556
2012-02-29,0.518672655897672
2012-03-01,0.6872747205012802
2012-03-02,-0.4139812563731921
2012-03-05,0.42879118757511264
2012-03-06,-0.3608912566517628
2012-03-07,0.04866618524938416
2012-03-08,0.22597297261365848
2012-03-09,1.5580959220665103
2012-03-12,0.49878320358015804
2012-03-13,-0.44850977979671647
2012-03-14,-0.46479231019792877
2012-03-15,0.4673039820943111
2012-03-16,0.330406280807703
2012-03-19,0.5626792522247835
2012-03-20,-0.9121698236244937
2012-03-21,0.14593130470019483
2012-03-22,-0.5611837408388031
2012-03-23,0.30739243748902284
2012-03-26,0.9306100791234426
2012-03-27,-0.26911349857877054
2012-03-28,3.246868649432862
2012-03-29,-0.580320914309035
2012-03-30,0.31583848792098396
2012-04-02,-0.7665384170040663
2012-04-03,0.45788492422100113
2012-04-04,0.42680813186393096
2012-04-05,-0.545803756589081
2012-04-09,-0.31917788892033555
2012-04-10,-2.3517390755790357
2012-04-11,1.4923406454234938
2012-04-12,0.5813152474749894
2012-04-13,-0.9738642436647041
2012-04-16,-0.3442825908013424
2012-04-17,0.4614194200124474
2012-04-18,-0.19276687088746652
2012-04-19,-0.7576447429053248
2012-04-20,1.4806859277947033
2012-04-23,-0.4460115258032882
2012-04-24,-0.3164802034673477
2012-04-25,0.0966119532028223
2012-04-26,0.3507335006404775
2012-04-27,0.6467371730039578
2012-04-30,0.0158630138339785
2012-05-01,-0.05746224484928242
2012-05-02,0.3442988776154968
2012-05-03,0.027466242353850565
2012-05-04,-1.2310273929993867
2012-05-07,0.479214160588008
2012-05-08,0.316944606698895
2012-05-09,-2.957365456664993
2012-05-10,-0.610949628766569
2012-05-11,0.050971395177657454
2012-05-14,-0.3379357262932727
2012-05-15,0.23490126018245278
2012-05-16,-0.5465371987277393
2012-05-17,-0.39606858973937026
2012-05-18,-0.07145085077505932
2012-05-21,0.16785270710851097
2012-05-22,0.39025620145329115
2012-05-23,-0.205866156588818
2012-05-24,0.24271443842417165
2012-05-25,0.2532941122120523
2012-05-29,0.9411834029735194
2012-05-30,-0.6781059293413082
2012-05-31,0.2326160786154597
2012-06-01,-0.39232647603252485
2012-06-04,-0.07357832634705513
2012-06-05,-0.45062739078472047
2012-06-06,0.934375141934621
2012-06-07,-0.6516629712946044
2012-06-08,-0.1362862430756608
2012-06-11,0.07067256266315601
2012-06-12,0.6001150200539693
2012-06-13,0.508713799824774
2012-06-14,0.8903317523230284
2012-06-15,0.8691387024268151
2012-06-18,0.4463568317950705
2012-06-19,0.4016080967299917
2012-06-20,1.1741907590810294
2012-06-21,-0.9239161174199912
2012-06-22,-0.06955875288823213
2012-06-25,-0.4198633008915497
2012-06-26,-0.046286472074885066
2012-06-27,0.5347491923168719
2012-06-28,-0.05028701318341315
2012-06-29,1.1268357227738057
2012-07-02,-0.23111003130542437
2012-07-03,0.6200636460257932
2012-07-05,0.6253536635018293
2012-07-06,0.3561235190471574
2012-07-09,-0.536512102649773
2012-07-10,-0.8388396710528505
2012-07-11,0.19233896233833536
2012-07-12,-1.1915474544252067
2012-07-13,0.2076407413284042
2012-07-16,-0.2250863402974347
2012-07-17,-0.010468336072846883
2012-07-18,-0.1499204013693976
2012-07-19,-0.1374218181934827
2012-07-20,-0.9858944518706338
2012-07-23,-0.3138454626693379
2012-07-24,-0.15474619215231344
2012-07-25,0.7899864504949832
2012-07-26,-0.49643645687897836
2012-07-27,0.23494905142422187
2012-07-30,0.047646159573286884
2012-07-31,-0.04793371939178474
2012-08-01,-0.48340744513571227
2012-08-02,-0.6741751028803461
2012-08-03,1.2763009279499549
2012-08-06,-0.3723938152228192
2012-08-07,-0.42457969475184815
2012-08-08,2.000471871939549
2012-08-09,1.1592687348193826
2012-08-10,-1.0051600304209467
2012-08-13,-0.24209582736138596
2012-08-14,-0.173905134478345
2012-08-15,-0.34970249531042236
2012-08-16,0.3893318861943818
2012-08-17,-0.30506741061844705
2012-08-20,-0.12278293211630405
2012-08-21,-0.059201007169441315
2012-08-22,0.1813375227224641
2012-08-23,-0.5868944245245046
2012-08-24,0.056665211307682505
2012-08-27,-0.09987928424547277
2012-08-28,-0.16304611458889307
2012-08-29,0.010231712924084835
2012-08-30,-0.47989989181158016
2012-08-31,0.4488748045333017
2012-09-04,0.371146001198594
2012-09-05,0.14800032074405306
2012-09-06,0.23804664181008411
2012-09-07,-0.1621004400586687
2012-09-10,-0.34791961626252543
2012-09-11,-0.11903307756154266
2012-09-12,0.5055689352339567
2012-09-13,0.45956801380327983
2012-09-14,0.6971671069828036
2012-09-17,-0.6225132613417119
2012-09-18,-1.4393353096576587
2012-09-19,1.130632185457668
2012-09-20,0.2515017900063099
2012-09-21,-0.22340255603804174
2012-09-24,-0.6128504075948364
2012-09-25,0.4861953909527403
2012-09-26,-0.3212804279636936
2012-09-27,1.0117599064968634
2012-09-28,-0.4527468558828369
2012-10-01,-0.16249491449656986
2012-10-02,0.8627564398495168
2012-10-03,-2.1164620133994423
2012-10-04,1.0592293339404721
2012-10-05,0.3687270850916402
2012-10-08,-0.8435769047198705
2012-10-09,-0.9338758371538484
2012-10-10,0.10125144711814882
2012-10-11,1.350962887655187
2012-10-12,-2.1645074918194633
2012-10-15,-0.9709191860705546
2012-10-16,0.3187323284500628
2012-10-17,1.5983185011751941
2012-10-18,-0.33508345128010997
2012-10-19,-0.051741521536499066
2012-10-22,-1.2333325785255638
2012-10-23,0.738549293637504
2012-10-24,-0.7685338304457706
2012-10-25,1.5587971742435802
2012-10-26,-0.9789866366058222
2012-10-31,0.6514119614190522
2012-11-01,1.51314985328704
2012-11-02,-0.5975404286707149
2012-11-05,1.136025818714873
2012-11-06,1.2425144983443268
2012-11-07,-2.210691395727078
2012-11-08,-3.2108484380977815
2012-11-09,-1.6981986858988292
2012-11-12,-0.5813919403514223
2012-11-13,0.7650398827521213
2012-11-14,-0.7727241491065534
2012-11-15,0.32270492786618044
2012-11-16,0.09753472140768694
2012-11-19,0.391263505487119
2012-11-20,-0.027682321630899873
2012-11-21,0.33951103309866065
2012-11-23,0.10958389868361608
2012-11-26,0.35733722075927865
2012-11-27,-0.35665389698101935
2012-11-28,-0.2448010728213721
2012-11-29,0.06802059343713308
2012-11-30,-0.3150779213929901
2012-12-03,-1.2712119927515588
2012-12-04,0.1998636094857697
2012-12-05,-0.11700040914772673
2012-12-06,-0.296504458510533
2012-12-07,0.929664077737377
2012-12-10,0.3841126263754715
2012-12-11,0.002277529817493431
2012-12-12,1.3479607308709751
2012-12-13,-0.8398084507713159
2012-12-14,-0.050944286637737056
2012-12-17,0.16277935612014138
2012-12-18,1.1592564625125046
2012-12-19,-0.28404323281653293
2012-12-20,1.3580685208741672
2012-12-21,-0.4655897139049968
2012-12-24,-0.32353235745777814
2012-12-26,-0.18385500984521827
2012-12-27,-0.4971612716533859
2012-12-28,-0.5602951368969933
2012-12-31,1.7952576223405634
2013-01-02,1.0166688517952445
2013-01-03,-0.41181198207419895
2013-01-04,0.2099521721943229
2013-01-07,-0.6449513184659988
2013-01-08,-0.6772310706004405
2013-01-09,-0.23655212658836913
2013-01-10,0.32450212360960556
2013-01-11,-0.36172624653527313
2013-01-14,0.07613264627405669
2013-01-15,0.5496829342473144
2013-01-16,-1.0110543327618589
2013-01-17,1.6531129344995172
2013-01-18,0.4875390664665353
2013-01-22,0.5092709454489714
2013-01-23,0.8474420690195065
2013-01-24,-0.14172729251782126
2013-01-25,-0.23109670223320794
2013-01-28,-0.9604059052743901
2013-01-29,-0.2777963458847235
2013-01-30,-0.6364027835269502
2013-01-31,-0.1782707054758871
2013-02-01,0.3193352045268402
2013-02-04,-0.5527461423816473
2013-02-05,-0.1039309076051913
2013-02-06,0.3136959590857205
2013-02-07,0.738971518308782
2013-02-08,0.7555938350869423
2013-02-11,-0.3025063509870867
2013-02-12,-0.024224940505984678
2013-02-13,0.41247192419084144
2013-02-14,-0.6162804098938547
2013-02-15,0.177186954229285
2013-02-19,0.23768939956430923
2013-02-20,-0.2219702982663422
2013-02-21,-1.348380061607356
2013-02-22,0.4505835365690709
2013-02-25,-1.1193965682203706
2013-02-26,1.9671818087946136
2013-02-27,2.4322959559390083
2013-02-28,1.2750631463524122
2013-03-01,-0.27532190952894753
2013-03-04,-1.051779801680563
2013-03-05,1.127864674399707
2013-03-06,1.4939293547892185
2013-03-07,-0.2550457488450761
2013-03-08,2.0101568227887228
2013-03-11,0.36937335327736476
2013-03-12,0.5002574723243837
2013-03-13,1.9168676187797595
2013-03-14,1.4923793503534915
2013-03-15,-0.1784893541716878
2013-03-18,-0.5913570643361327
2013-03-19,-1.5752083553879055
2013-03-20,0.3259741016461197
2013-03-21,-1.09752865444171
2013-03-22,0.38321207583919464
2013-03-25,-0.15808354557255136
2013-03-26,0.999856291026043
2013-03-27,-0.40883699919966743
2013-03-28,0.388341092885881
2013-04-01,0.4842754837821472
2013-04-02,-1.828052852047545
2013-04-03,-0.8029953664797068
2013-04-04,-0.12896946058969336
2013-04-05,-0.5342740754543052
2013-04-08,-0.4632387485654315
2013-04-09,-0.3774859805144432
2013-04-10,1.0120483657271964
2013-04-11,0.29377940643528044
2013-04-12,1.9935635652591506
2013-04-15,-2.5316889969167207
2013-04-16,-0.5976743105668155
2013-04-17,-1.3163292823908568
2013-04-18,-0.8269398798109017
2013-04-19,0.1556309183877059
2013-04-22,-0.2932869679797641
2013-04-23,1.150561616459633
2013-04-24,0.35018012891542605
2013-04-25,1.5983601058825403
2013-04-26,-0.9241839057437433
2013-04-29,1.3352294047199704
2013-04-30,-0.10325384874115266
2013-05-01,-1.4202331144919471
2013-05-02,1.3177438233898382
2013-05-03,0.4412629080872074
2013-05-06,0.04837121358901036
2013-05-07,0.6619422060653759
2013-05-08,-0.7414669816737103
2013-05-09,0.09700777192036748
2013-05-10,0.11099949835286275
2013-05-13,-0.5325953878821905
2013-05-14,0.7790567160270844
2013-05-15,0.476332351594523
2013-05-16,0.6854079802562696
2013-05-17,0.7549207230276753
2013-05-20,-0.8879727333540427
2013-05-21,0.8678613080544857
2013-05-22,-0.712636345088488
2013-05-23,0.44626250532994416
2013-05-24,-1.0183426368909492
2013-05-28,0.39649634011777896
2013-05-29,-1.210111189245684
2013-05-30,0.49963288220694424
2013-05-31,-0.21563620184844673
2013-06-03,-1.1610497053807836
2013-06-04,0.4419663372236592
2013-06-05,-0.7116647212960526
2013-06-06,0.9137897842676888
2013-06-07,0.9722410774950851
2013-06-10,0.7221898500604906
2013-06-11,-0.9707367758099236
2013-06-12,-1.1506311100103348
2013-06-13,0.8375493337884838
2013-06-14,0.005702426365710748
2013-06-17,0.16721768475704882
2013-06-18,1.6179263229669518
2013-06-19,-1.410892209858425
2013-06-20,-1.06416365982494
2013-06-21,-1.2821426464898489
2013-06-24,-0.11017739170835167
2013-06-25,-0.5925464498508858
2013-06-26,0.7813495109090961
2013-06-27,1.5677313544295775
2013-06-28,-0.257378471845625
2013-07-01,0.4680819639726732
2013-07-02,-0.530413328332537
2013-07-03,0.8137411039612881
2013-07-05,0.8610195983538421
2013-07-08,-0.4559598191937649
2013-07-09,0.5275116288597826
2013-07-10,1.0269210955924284
2013-07-11,1.6630997946829846
2013-07-12,-0.6152588584540628
2013-07-15,0.7166907190698171
2013-07-16,-1.1794584517496074
2013-07-17,0.47074648874511943
2013-07-18,1.6797462428639105
2013-07-19,0.8172620157714932
2013-07-22,0.027225875423981923
2013-07-23,0.2486465448441084
2013-07-24,-0.05287342768316926
2013-07-25,-0.44397166226296003
2013-07-26,-0.8361987952709966
2013-07-29,-0.6439221161655635
2013-07-30,-0.3347982889264215
2013-07-31,0.16080018495265108
2013-08-01,1.0714699300141937
2013-08-02,0.03129977767192478
2013-08-05,0.08632136200011707
2013-08-06,-0.5779984473385253
2013-08-07,0.02119178347260343
2013-08-08,0.0893599017279053
2013-08-09,0.532997478433595
2013-08-12,0.2014300694336031
2013-08-13,0.33767109343772167
2013-08-14,-1.2010415480182879
2013-08-15,-0.966658928649589
2013-08-16,0.13900603376868553
2013-08-19,-0.10699204872053027
2013-08-20,0.4153602878994841
2013-08-21,-0.18073486555998639
2013-08-22,1.3785853928156973
2013-08-23,0.014547842875036743
2013-08-26,0.16734254208990854
2013-08-27,-2.1535215249424677
2013-08-28,0.33235530671815894
2013-08-29,0.3154345441152831
2013-08-30,-1.6761658955761765
2013-09-03,0.18136826666719277
2013-09-04,0.6261514422761671
2013-09-05,-0.2750505026310014
2013-09-06,0.610955780637704
2013-09-09,1.187451646200155
2013-09-10,0.8884987842623703
2013-09-11,0.6685604105272579
2013-09-12,0.33417491410062594
2013-09-13,-0.3244768112255068
2013-09-16,0.7850314217704526
2013-09-17,0.5227586256753779
2013-09-18,0.03129576263447319
2013-09-19,-0.5938704777689454
2013-09-20,-1.6029957794577356
2013-09-23,-0.3427589012571267
2013-09-24,-0.31807050351382465
2013-09-25,-0.2506711312491097
2013-09-26,-0.11763903673177736
2013-09-27,-0.13745194172155004
2013-09-30,-0.172659355604332
2013-10-01,1.3350500489795771
2013-10-02,-0.8757225235771473
2013-10-03,-0.642468753915914
2013-10-04,0.12823591318421831
2013-10-07,-0.4976462718905019
2013-10-08,-0.44729274260578045
2013-10-09,-0.029136907028676363
2013-10-10,3.1106818130566736
2013-10-11,0.28129846920031754
2013-10-14,0.4174985372040212
2013-10-15,-0.278360398800596
2013-10-16,0.19978352411117267
2013-10-17,0.2799073983478638
2013-10-18,0.9862356041832359
2013-10-21,-0.9967697113271913
2013-10-22,-0.2269619525761507
2013-10-23,-0.33545207309176334
2013-10-24,0.20470623112628428
2013-10-25,-0.7010646526200333
2013-10-28,-0.48580884319455786
2013-10-29,0.20880940354584765
2013-10-30,-0.5984431644067165
2013-10-31,-0.2482424506220284
2013-11-01,0.1524634092309687
2013-11-04,0.9040784138313003
2013-11-05,-0.7667704422836106
2013-11-06,0.29239777064331984
2013-11-07,0.18010115818601635
2013-11-08,3.331165955264984
2013-11-11,0.5054002987383172
2013-11-12,0.35091324635292526
2013-11-13,1.0802419474511746
2013-11-14,0.3430646674925456
2013-11-15,0.18841266542804583
2013-11-18,-0.502952926192636
2013-11-19,-0.17592439981574814
2013-11-20,0.08259899449016146
2013-11-21,0.9022649561889495
2013-11-22,-0.2745571430251004
2013-11-25,0.3199787599495691
2013-11-26,0.8885495835290868
2013-11-27,0.6728374551577794
2013-11-29,-0.7669664455246953
2013-12-02,-0.033242385573703445
2013-12-03,0.34183423153268605
2013-12-04,-0.4872821772034364
2013-12-05,-1.2859701106390762
2013-12-06,0.3170189485134614
2013-12-09,-1.1078093667130946
2013-12-10,-1.3606444465437053
2013-12-11,-1.174725814851424
2013-12-12,0.5483161141232136
2013-12-13,0.9661668918829236
2013-12-16,1.2305832292906704
2013-12-17,1.3678341279524682
2013-12-18,0.09634767900576037
2013-12-19,-0.5803015843714977
2013-12-20,2.4242542573998827
2013-12-23,0.32091472257394865
2013-12-24,-0.012868492891321696
2013-12-26,0.1098019985286165
2013-12-27,0.27680542033063305
2013-12-30,-0.2164236894890371
2013-12-31,0.8907366348969695
2014-01-02,-2.2475623531645064
2014-01-03,0.2531621600559956
2014-01-06,1.2989080462350229
2014-01-07,0.8277755037529182
2014-01-08,-0.6642224243849182
2014-01-09,-0.14139644207249374
2014-01-10,1.3424936529915419
2014-01-13,0.1237078745415289
2014-01-14,0.751410703767488
2014-01-15,0.7733258320392314
2014-01-16,-0.3411679111400746
2014-01-17,-0.24521047104194746
2014-01-21,0.5506202551701624
2014-01-22,1.2997681168447597
2014-01-23,-0.897736271982672
2014-01-24,-3.515123095959214
2014-01-27,-0.6494891413190976
2014-01-28,0.5478174480332588
2014-01-29,-0.8247199507719067
2014-01-30,0.35576656883477137
2014-01-31,0.725054942168642
2014-02-03,-4.795733685508404
2014-02-04,0.6436311027946161
2014-02-05,-0.35205685484210403
2014-02-06,-0.00045869626651687424
2014-02-07,1.554211713539105
2014-02-10,-1.4726741684994487
2014-02-11,0.953709897880272
2014-02-12,0.3375798657725479
2014-02-13,1.2989000840255382
2014-02-14,0.3297313496309758
2014-02-18,0.7036882653664113
2014-02-19,-1.1838804062951012
2014-02-20,1.3776655781588933
2014-02-21,-0.17586011918717118
2014-02-24,-0.2537218885341669
2014-02-25,-1.1259751982501494
2014-02-26,-0.32155726909240906
2014-02-27,2.786351942091726
2014-02-28,0.2737599935273632
2014-03-03,1.2499343907777987
2014-03-04,0.7329807008788694
2014-03-05,-0.5965350510317081
2014-03-06,0.5750967152154288
2014-03-07,-0.3570509146738046
2014-03-10,0.19205815481923405
2014-03-11,-1.5639275625165743
2014-03-12,-0.048899660966625534
2014-03-13,-1.4336333332353839
2014-03-14,-0.16805855046079604
2014-03-17,-0.5712957946319019
2014-03-18,0.12330980573700895
2014-03-19,-1.2079045113189832
2014-03-20,-0.517855570062261
2014-03-21,-1.1816708571544332
2014-03-24,0.09966410974220322
2014-03-25,0.17798346553587013
2014-03-26,-0.9892861248868908
2014-03-27,0.25036642285901173
2014-03-28,-0.2549442573307361
2014-03-31,1.6870210976432827
2014-04-01,0.6224007222300084
2014-04-02,0.4357170134749808
2014-04-03,0.029263533342001703
2014-04-04,-3.1073950742315843
2014-04-07,-1.0098888167070479
2014-04-08,-1.498588166045298
2014-04-09,1.4334186100593282
2014-04-10,-0.8956402897781715
2014-04-11,-1.2043562858069734
2014-04-14,0.08035589347408688
2014-04-15,0.8465651087351633
2014-04-16,1.03559763476853
2014-04-17,1.8910643433407386
2014-04-21,-0.3084258972950439
2014-04-22,-0.48937208268181764
2014-04-23,0.13593134471369156
2014-04-24,-0.45180057843735055
2014-04-25,-2.7944032687912856
2014-04-28,-1.408837995186262
2014-04-29,1.56307772209889
2014-04-30,1.1411346051648625
2014-05-01,-0.050500210633228515
2014-05-02,0.6170243838922764
2014-05-05,-0.7787633476105656
2014-05-06,-1.4292971755420025
2014-05-07,1.1456214085908272
2014-05-08,-2.5365973940780737
2014-05-09,-0.6207685671926443
2014-05-12,0.5966964574464454
2014-05-13,0.15584757382111908
2014-05-14,-1.77040127761761
2014-05-15,-2.7686470391669085
2014-05-16,-0.41830334706728073
2014-05-19,-0.29295133238014825
2014-05-20,-0.8102262856759321
2014-05-21,0.8014197239994092
2014-05-22,0.4632859558943578
2014-05-23,0.9568954617233156
2014-05-27,0.33884598065468235
2014-05-28,0.49294450940061085
2014-05-29,-0.6299130877879724
2014-05-30,0.1684883485615459
2014-06-02,0.7326384416603173
2014-06-03,-0.13360455639746743
2014-06-04,-0.16265421866219282
2014-06-05,0.33046575767338277
2014-06-06,0.3373744727482723
2014-06-09,0.37500683200878376
2014-06-10,-0.681546061129092
2014-06-11,-1.4143654580052238
2014-06-12,-1.667024730171687
2014-06-13,-0.41986701444323604
2014-06-16,-0.5066000647407787
2014-06-17,0.12544646102955365
2014-06-18,-0.9261369201156893
2014-06-19,-0.6052901905283613
2014-06-20,-0.333042649298322
2014-06-23,-0.8743988576578615
2014-06-24,-2.1775435209726837
2014-06-25,0.028972434688838054
2014-06-26,-0.6326587830230239
2014-06-27,0.37941490065646627
2014-06-30,0.1383501772194749
2014-07-01,0.46384982042794487
2014-07-02,-1.1122450883488537
2014-07-03,-0.30301963629010975
2014-07-07,-0.5870729161545218
2014-07-08,-1.2802423604552784
2014-07-09,-0.2936181150708891
2014-07-10,0.18481895018205857
2014-07-11,-0.40524688023897726
2014-07-14,0.42395037623273535
2014-07-15,-0.04199969277587502
2014-07-16,-1.1220204953014083
2014-07-17,-1.248172820908416
2014-07-18,1.2641783548806185
2014-07-21,0.08412611921897993
2014-07-22,0.5243544270113558
2014-07-23,0.046416120036886326
2014-07-24,0.01142437053609231
2014-07-25,-0.12800489182155844
2014-07-28,0.06652856487064625
2014-07-29,-0.6940452693343792
2014-07-30,-0.0635962634939995
2014-07-31,-1.9864223176263076
2014-08-01,-0.5679954619629315
2014-08-04,-1.1095815393001978
2014-08-05,0.48536163719768305
2014-08-06,-0.6123946312094113
2014-08-07,3.1095604813531317
2014-08-08,1.2872356013285629
2014-08-11,0.8301382040517631
2014-08-12,-0.2561401408591786
2014-08-13,2.517414590695229
2014-08-14,0.6195626109327915
2014-08-15,-0.5218809728974706
2014-08-18,1.182043364019875
2014-08-19,0.8694775481957377
2014-08-20,-0.09532921588908404
2014-08-21,0.2765040910208177
2014-08-22,-0.5324835796226755
2014-08-25,0.05258677106526112
2014-08-26,-0.6354380182963589
2014-08-27,0.37363641893975075
2014-08-28,-0.8450586438312386
2014-08-29,-0.12126554531462189
2014-09-02,1.822486438574561
2014-09-03,-1.9329640441691556
2014-09-04,-1.0369426454252535
2014-09-05,0.9429961103787647
2014-09-08,0.4382807876630262
2014-09-09,0.7620168446823026
2014-09-10,1.0562867050113465
2014-09-11,-0.5914275585716865
2014-09-12,-0.47310538818912057
2014-09-15,-0.21734611426340586
2014-09-16,0.3929478851730452
2014-09-17,0.7646354468645056
2014-09-18,0.2737576502602884
2014-09-19,-1.366695877526193
2014-09-22,-1.2503443384594386
2014-09-23,-0.7261825681832967
2014-09-24,0.4938943170600712
2014-09-25,-0.3647330090329006
2014-09-26,0.4373477122005832
2014-09-29,0.09612133413649183
2014-09-30,-0.8628353152622013
2014-10-01,-0.9963781304865628
2014-10-02,-0.23398696495681345
2014-10-03,0.6343670300023909
2014-10-06,-1.6178265970276873
2014-10-07,-2.7720713940727117
2014-10-08,0.6369621172993503
2014-10-09,-1.2516938342959287
2014-10-10,-2.1503864234639374
2014-10-13,-2.430833900911969
2014-10-14,1.1563873045196018
2014-10-15,-0.5638103149919182
2014-10-16,-0.7081336872945158
2014-10-17,1.3640344594549159
2014-10-20,-1.0067613939431415
2014-10-21,2.7576084639525678
2014-10-22,-0.5514253778178467
2014-10-23,1.0450115347732027
2014-10-24,-0.1497488659762132
2014-10-27,0.8460039405678746
2014-10-28,2.147880364214631
2014-10-29,0.8065345420511675
2014-10-30,0.3181338378296077
2014-10-31,1.1982687492020578
2014-11-03,-0.5104105005146675
2014-11-04,0.0629279210922005
2014-11-05,-0.47551476589118863
2014-11-06,0.5495689141012896
2014-11-07,0.5082362412569145
2014-11-10,1.7420620297312508
2014-11-11,-0.9632666182600583
2014-11-12,-0.04671362721534659
2014-11-13,-0.45493449853247375
2014-11-14,-0.07959669356017038
2014-11-17,0.04366723352768825
2014-11-18,0.3385821035810855
2014-11-19,0.16712157927306515
2014-11-20,-0.5248019385508482
2014-11-21,-0.4138982972689987
2014-11-24,1.3170689879516304
2014-11-25,0.22039516459588807
2014-11-26,-0.5478866678199676
2014-11-28,-0.3985647236099416
2014-12-01,-1.3518754563043534
2014-12-02,0.3348769387542697
2014-12-03,0.9805658956625734
2014-12-04,-1.253096715350404
2014-12-05,1.1272726038104197
2014-12-08,-0.7562194072263189
2014-12-09,-0.5006944600643817
2014-12-10,-2.455086086247936
2014-12-11,0.2841509635845741
2014-12-12,-0.8295289417077059
2014-12-15,-0.016591923206524042
2014-12-16,0.541064524990159
2014-12-17,1.4537098745365595
2014-12-18,2.1586784456883525
2014-12-19,0.6353933309159266
2014-12-22,2.0482811420433698
2014-12-23,-0.14150153385652336
2014-12-24,0.07105514048504911
2014-12-26,0.31890167408079245
2014-12-29,-0.3870583462922882
2014-12-30,-0.4803599397605771
2014-12-31,-1.244839059946897
2015-01-02,-0.4241180394639622
2015-01-05,-1.1505020978274332
2015-01-06,2.4938758011139748
2015-01-07,-0.19053122168765813
2015-01-08,2.1510519281407374
2015-01-09,-1.1900585323280652
2015-01-12,-0.2961310912510925
2015-01-13,-0.4167572495802102
2015-01-14,-0.9126128233069607
2015-01-15,-0.47995313645673726
2015-01-16,1.6685202186796129
2015-01-20,-0.5777482927804403
2015-01-21,0.6259103922112509
2015-01-22,2.0111836891243366
2015-01-23,0.06252066078493623
2015-01-26,-0.1252778222341923
2015-01-27,-0.35158844980052173
2015-01-28,-0.43249254340136284
2015-01-29,-0.04027756766469441
2015-01-30,-1.2019181664743352
2015-02-02,0.7874520989766939
2015-02-03,1.8355318193433343
2015-02-04,-0.27262774277622176
2015-02-05,-0.09828299677352433
2015-02-06,0.4354957790699149
2015-02-09,-1.581491749127429
2015-02-10,0.6911598495732879
2015-02-11,0.8102972671101981
2015-02-12,1.177627703481283
2015-02-13,0.5169671848425142
2015-02-17,0.14712789105359136
2015-02-18,1.5816335008315787
2015-02-19,2.438007163403896
2015-02-20,2.382410650757913
2015-02-23,2.280931066483645
2015-02-24,-1.4723654977082008
2015-02-25,1.0917334044832274
2015-02-26,0.17142176280458687
2015-02-27,-0.7573520419910641
2015-03-02,1.0093834364643517
2015-03-03,-0.7729003836746324
2015-03-04,0.47499889753328983
2015-03-05,-1.1140620354500992
2015-03-06,-2.0181107919605425
2015-03-09,1.0519073454107764
2015-03-10,-1.075553243342003
2015-03-11,0.7227272691841714
2015-03-12,0.7901601240308549
2015-03-13,-0.7555655709724551
2015-03-16,-0.03888489673582664
2015-03-17,0.3768652629483783
2015-03-18,0.4674496139063326
2015-03-19,-0.17206286307952096
2015-03-20,0.7633368064278777
2015-03-23,-0.519923815471635
2015-03-24,-0.09723977078653649
2015-03-25,-2.2120371025186505
2015-03-26,0.05749347365881652
2015-03-27,-0.4325333459051908
2015-03-30,2.03054241402242
2015-03-31,-0.9607366943538219
2015-04-01,0.1503855112136168
2015-04-02,-0.6766125070870108
2015-04-06,0.8761910316250892
2015-04-07,-0.07783308437066147
2015-04-08,-0.3999853367694598
2015-04-09,-0.3453556200792942
2015-04-10,0.7347051539412233
2015-04-13,-0.9805187421255226
2015-04-14,-0.7372867339255096
2015-04-15,0.27073260134517324
2015-04-16,0.3217733748421816
2015-04-17,-1.6492908866643226
2015-04-20,0.2583406656285926
2015-04-21,0.45431296122633974
2015-04-22,0.19357924701140297
2015-04-23,-0.46838437274815187
2015-04-24,0.1948988380962397
2015-04-27,-0.8405027611300988
2015-04-28,-0.5679240933197378
2015-04-29,-0.3695735415689627
2015-04-30,-2.791296310817829
2015-05-01,1.1959933393652626
2015-05-04,0.8213394253073133
2015-05-05,-1.0206165768226894
2015-05-06,-0.15423351053280787
2015-05-07,-5.38488713424836
2015-05-08,-2.6832494228211536
2015-05-11,1.1711523847624146
2015-05-12,-0.20384052244256223
2015-05-13,0.9988694507055268
2015-05-14,0.7832041694081089
2015-05-15,-0.7493711499992266
2015-05-18,0.25840980907089367
2015-05-19,-1.715879620527608
2015-05-20,0.8360610010278383
2015-05-21,0.47843842372779116
2015-05-22,-0.21218313675037123
2015-05-26,-0.35023428107751803
2015-05-27,1.0164587367703726
2015-05-28,-0.33011713910122736
2015-05-29,0.2522903168664005
2015-06-01,-1.2846463364452785
2015-06-02,0.05673503191279004
2015-06-03,-0.13484078879819433
2015-06-04,-1.373086108837537
2015-06-05,0.11587548300753296
2015-06-08,-0.4669084866544519
2015-06-09,-0.8651044558654317
2015-06-10,0.6962635060533809
2015-06-11,-0.16903335281677054
2015-06-12,-0.27574085273187354
2015-06-15,-0.8606840549733421
2015-06-16,0.042932434011274286
2015-06-17,0.36111675036919627
2015-06-18,0.17440388207152588
2015-06-19,-0.3596620147794062
2015-06-22,0.27464797997836754
2015-06-23,0.6613065107959097
2015-06-24,-1.7794486542162662
2015-06-25,-0.10495105164554061
2015-06-26,-0.8377307827233609
2015-06-29,-1.448695218256505
2015-06-30,0.03367296898703042
2015-07-01,0.6552277126551443
2015-07-02,-0.4737940038990261
2015-07-06,0.0595613867581476
2015-07-07,0.563802329346076
2015-07-08,-1.4569385056206923
2015-07-09,0.33411446724206273
2015-07-10,0.8651459220772978
2015-07-13,1.1072993664127249
2015-07-14,0.44598706219660894
2015-07-15,-0.8379089207022185
2015-07-16,0.9787322318124512
2015-07-17,-0.6170977135675864
2015-07-20,-0.3203121396941104
2015-07-21,-0.4677923317499151
2015-07-22,-0.4952732754736648
2015-07-23,0.02295772691977988
2015-07-24,-1.6755742738513435
2015-07-27,0.07220165122930063
2015-07-28,1.450607954000319
2015-07-29,1.4097834152418998
2015-07-30,-0.5467926565277185
2015-07-31,0.37890833243001143
2015-08-03,-1.0110824922004429
2015-08-04,0.053544250768596514
2015-08-05,0.5866348698418036
2015-08-06,2.693132057372658
2015-08-07,-3.5201315084954925
2015-08-10,2.473774340626616
2015-08-11,-0.8852576169318521
2015-08-12,-0.7426202700932345
2015-08-13,-0.3216528008279439
2015-08-14,1.0403305959730602
2015-08-17,0.4442790275718583
2015-08-18,0.16529028554745465
2015-08-19,-1.2211941362264722
2015-08-20,-3.0153492466469247
2015-08-21,-1.5304216310392975
2015-08-24,-1.5559985282480489
2015-08-25,-1.4529749958446008
2015-08-26,2.7735475853207663
2015-08-27,1.9988497616507863
2015-08-28,0.20516748776814914
2015-08-31,-0.5538012000099983
2015-09-01,-2.7328290438156735
2015-09-02,3.501346650597095
2015-09-03,-0.16889559753691855
2015-09-04,-0.7359180189603653
2015-09-08,1.6928853968125572
2015-09-09,-0.6335305891576184
2015-09-10,0.20066559836230544
2015-09-11,0.13247849638022932
2015-09-14,-0.27616145377987256
2015-09-15,0.6067093367247393
2015-09-16,0.02478341254530463
2015-09-17,-0.5826330336540243
2015-09-18,-1.8852912048229615
2015-09-21,-0.41403703501967926
2015-09-22,-0.9703695106448741
2015-09-23,-0.9562009527265904
2015-09-24,-0.0951130599812787
2015-09-25,-0.7440991135434384
2015-09-28,-0.9571754258988444
2015-09-29,0.7498540466307723
2015-09-30,0.9642684299455829
2015-10-01,-0.7646739160833718
2015-10-02,0.6306005576222873
2015-10-05,0.7127905416572806
2015-10-06,-0.016935549442952835
2015-10-07,0.9884953796219571
2015-10-08,0.6234668162851489
2015-10-09,1.012509677833957
2015-10-12,-0.8750643549734497
2015-10-13,-1.290518678713826
2015-10-14,-0.5237371534562459
2015-10-15,-0.20450497780676524
2015-10-16,-1.1537513389881877
2015-10-19,-0.9172291503484395
2015-10-20,0.2967788555518756
2015-10-21,-0.011400974888873464
2015-10-22,0.7674754830596303
2015-10-23,1.097277264091701
2015-10-26,-0.6181982460854005
2015-10-27,1.3130467912967654
2015-10-28,1.335564812441536
2015-10-29,0.550835179621795
2015-10-30,2.990615242226343
2015-11-02,0.5134610963141276
2015-11-03,0.2259818971979827
2015-11-04,-0.6357000724698846
2015-11-05,4.290633444217325
2015-11-06,-0.5321048056031051
2015-11-09,-0.6581048907855328
2015-11-10,0.2155553424940722
2015-11-11,0.9991697298778512
2015-11-12,-1.15446311933465
2015-11-13,-0.25776966521513606
2015-11-16,1.646396717980045
2015-11-17,0.07963386056521797
2015-11-18,-0.1793016372628678
2015-11-19,1.0542566775179487
2015-11-20,0.13076756436536352
2015-11-23,-0.39990702459084615
2015-11-24,0.23511409987176998
2015-11-25,-0.6872695494457891
2015-11-27,0.15072390163163266
2015-11-30,-0.8183533942048381
2015-12-01,1.1290337336468377
2015-12-02,-1.1022803426831889
2015-12-03,-0.5094021158487212
2015-12-04,1.1972951929125328
2015-12-07,-0.2734087254402909
2015-12-08,-0.8603210101933971
2015-12-09,-0.8567157305035954
2015-12-10,-0.12659087386483678
2015-12-11,-0.8688107771590922
2015-12-14,-0.12102392512528233
2015-12-15,0.19295062867894067
2015-12-16,0.6489916049677262
2015-12-17,-0.7261989859785907
2015-12-18,-0.7108812433421615
2015-12-21,0.7601904115063474
2015-12-22,0.19238642540430348
2015-12-23,0.2642396161440796
2015-12-24,0.41702086182331677
2015-12-28,-0.5294058811216429
2015-12-29,0.48646697965126073
2015-12-30,-0.8260996048839649
2015-12-31,-0.3767209653239874
2016-01-04,-1.1938702836061628
2016-01-05,1.2063520503022298
2016-01-06,0.1710283373954375
2016-01-07,-1.1670707090042691
2016-01-08,1.0179772324012604
2016-01-11,-0.35515718745387015
2016-01-12,1.0926112134934358
2016-01-13,-2.7009795164530046
2016-01-14,0.89023244768119
2016-01-15,-0.6052679365877397
2016-01-19,-0.8489797503763725
2016-01-20,0.06543031981682619
2016-01-21,-0.27271400524587025
2016-01-22,0.651436509615682
2016-01-25,-0.4617922244000336
2016-01-26,1.3004068608499215
2016-01-27,-1.1820466622572259
2016-01-28,0.12081844114911044
2016-01-29,2.35333482436863
2016-02-01,-0.5199144901970258
2016-02-02,-0.9462324106283823
2016-02-03,0.449879458076335
2016-02-04,0.12769155779631763
2016-02-05,-0.2599741296868912
2016-02-08,-0.10112196155709555
2016-02-09,0.11326385570394315
2016-02-10,1.6918149483172096
2016-02-11,-0.44338206995299795
2016-02-12,1.1943676273604615
2016-02-16,1.2310124689877548
2016-02-17,0.19235776570074611
2016-02-18,-0.761856988481172
2016-02-19,-0.007149686101273725
2016-02-22,0.6321554616976762
2016-02-23,-0.6761778777808329
2016-02-24,-0.00033401407342960966
2016-02-25,0.4842009982676924
2016-02-26,-0.17260591596873337
2016-02-29,-1.0384808319055645
2016-03-01,0.7560976319603889
2016-03-02,-0.342781331519147
2016-03-03,0.8848165342390107
2016-03-04,0.1212000213677027
2016-03-07,-0.641263171182452
2016-03-08,-0.9299086470597054
2016-03-09,0.692884176585681
2016-03-10,0.1191172717397808
2016-03-11,0.9030871211464174
2016-03-14,-0.6031793542186247
2016-03-15,0.7282361858454953
2016-03-16,0.45407362567575504
2016-03-17,0.8939521962520556
2016-03-18,0.3827344124177783
2016-03-21,-0.2709026346324154
2016-03-22,-0.09766918874567447
2016-03-23,0.32790441796484227
2016-03-24,-0.43564340523793227
2016-03-28,-0.116264601260387
2016-03-29,0.4585976269315825
2016-03-30,0.11702309664054714
2016-03-31,-0.6240363969004434
2016-04-01,0.2167749770994289
2016-04-04,0.18047848986596102
2016-04-05,-0.22371885718534543
2016-04-06,1.3573627088727365
2016-04-07,-0.707874639239887
2016-04-08,0.19315742011039475
2016-04-11,-0.13271118874780177
2016-04-12,0.8904411247997722
2016-04-13,0.7173693123056323
2016-04-14,0.17978711942362158
2016-04-15,-0.26350874981792244
2016-04-18,0.37364101488064827
2016-04-19,0.19109899607496253
2016-04-20,-0.17217775427622695
2016-04-21,-0.13176811602670488
2016-04-22,0.16573513410629614
2016-04-25,-0.47864123764377975
2016-04-26,0.5274011387120949
2016-04-27,0.7770388732668128
2016-04-28,-0.5062466042443808
2016-04-29,-0.17877714812332257
2016-05-02,0.4498551273525508
2016-05-03,-0.02780231077943696
2016-05-04,-0.3449865232604969
2016-05-05,2.2693863532763725
2016-05-06,1.5110591359207812
2016-05-09,-0.38935178658221736
2016-05-10,0.6323787540502208
2016-05-11,-1.0228465788138932
2016-05-12,-0.07636609241379044
2016-05-13,-0.5908290619480978
2016-05-16,0.7337208236495023
2016-05-17,-0.19128156306761082
2016-05-18,0.09716718095071467
2016-05-19,-0.1717702709243193
2016-05-20,0.12929480824318043
2016-05-23,-0.21324825331321293
2016-05-24,-1.058848800245322
2016-05-25,0.24948472478942646
2016-05-26,0.8841123805475517
2016-05-27,0.11865675288793767
2016-05-31,-0.5502972334507928
2016-06-01,1.1781303474974625
2016-06-02,-0.017633785983975307
2016-06-03,0.2554193357835759
2016-06-06,0.2453835429513065
2016-06-07,-0.1855103785325528
2016-06-08,1.6582725628493222
2016-06-09,0.2760726452990235
2016-06-10,-0.29568432535356437
2016-06-13,-1.428382613716059
2016-06-14,-0.15594865818220055
2016-06-15,0.0984245707820877
2016-06-16,-0.2664353021460947
2016-06-17,0.11193762223636093
2016-06-20,0.2505405448510905
2016-06-21,0.17117750446340976
2016-06-22,0.18285073072733865
2016-06-23,0.2857575992516926
2016-06-24,-0.9258207841099476
2016-06-27,-0.6890845825173281
2016-06-28,0.569433714519395
2016-06-29,1.2344895971522993
2016-06-30,1.1932452754058607
2016-07-01,0.008784681977956467
2016-07-05,0.596054293046062
2016-07-06,0.6322622699558552
2016-07-07,-0.4786046704165075
2016-07-08,0.3103184269354935
2016-07-11,0.36103128586931693
2016-07-12,-0.34837101510866025
2016-07-13,-0.09341428332771026
2016-07-14,-0.5099894139956102
2016-07-15,-0.2203680337870212
2016-07-18,-0.5458187472908408
2016-07-19,-0.4168722937807552
2016-07-20,-0.00671717607176014
2016-07-21,-0.39914224215455396
2016-07-22,0.014492051059502681
2016-07-25,-0.32444488240601854
2016-07-26,0.7203398855674805
2016-07-27,0.14829818560570682
2016-07-28,0.27198308085619627
2016-07-29,-0.09135785931815613
2016-08-01,-0.04049560362380397
2016-08-02,-0.1500853437098022
2016-08-03,0.42315025751163404
2016-08-04,-0.5557943938729792
2016-08-05,-1.096722790650771
2016-08-08,-0.9266738980406937
2016-08-09,0.4863816724258618
2016-08-10,-0.9936870151583088
2016-08-11,0.2766647114180757
2016-08-12,-0.5019665762022019
2016-08-15,0.851081453229039
2016-08-16,-1.6212997067711368
2016-08-17,0.16163125643860873
2016-08-18,0.5056255792989464
2016-08-19,0.021765448798840147
2016-08-22,0.15438112195876869
2016-08-23,-0.5394278746248433
2016-08-24,-0.22952425292787498
2016-08-25,-0.06788561692857069
2016-08-26,-0.4706276587077323
2016-08-29,0.3537126475579214
2016-08-30,-0.7492891064171612
2016-08-31,-0.2268678216329568
2016-09-01,0.23233950145530533
2016-09-02,0.21150406190559784
2016-09-06,0.025780386244341143
2016-09-07,-0.3601864674076138
2016-09-08,-0.0546155695559214
2016-09-09,-1.711748687428313
2016-09-12,0.40773907554405286
2016-09-13,-1.5064472767471282
2016-09-14,-0.7355938025278379
2016-09-15,0.09454380050071741
2016-09-16,-1.6878131994559178
2016-09-19,-0.8830438072824877
2016-09-20,-2.697159113346472
2016-09-21,0.35466349988591933
2016-09-22,1.759466836777321
2016-09-23,-0.36980231132756664
2016-09-26,0.3799451901856437
2016-09-27,-0.4263912140445343
2016-09-28,0.3324888422763315
2016-09-29,-1.1675851968994604
2016-09-30,0.30778023132008103
2016-10-03,-0.06021296957791336
2016-10-04,0.02701603087655133
2016-10-05,0.27701777531635263
2016-10-06,0.5649262053729892
2016-10-07,-0.46031983912637053
2016-10-10,0.3731875523691212
2016-10-11,-1.0980914997016933
2016-10-12,0.737745039545203
2016-10-13,-0.2711378494537426
2016-10-14,0.3601296685800713
2016-10-17,1.1109500358427575
2016-10-18,0.47029649295765685
2016-10-19,-0.8131942604408209
2016-10-20,-0.9859732228896554
2016-10-21,-0.81653851257613
2016-10-24,0.03205732002041717
2016-10-25,0.17745871524713
2016-10-26,1.1379646339542477
2016-10-27,-0.17901319249166292
2016-10-28,0.3306049148483601
2016-10-31,0.5157666069500226
2016-11-01,0.007662458487086342
2016-11-02,-0.8416905645665784
2016-11-03,-5.277556214732197
2016-11-04,-1.0677380642513117
2016-11-07,1.0805178645973106
2016-11-08,0.699533076570166
2016-11-09,7.246508961131297
2016-11-10,2.0229357442043616
2016-11-11,0.5783467877669113
2016-11-14,0.8075260467233578
2016-11-15,-2.279915908357859
2016-11-16,1.138439443416412
2016-11-17,0.8835991582445927
2016-11-18,-0.377640531180976
2016-11-21,-0.0451983022238612
2016-11-22,1.1751345954290147
2016-11-23,-0.5306583315626018
2016-11-25,1.065393762853949
2016-11-28,-0.374411292176182
2016-11-29,0.10820819628161468
2016-11-30,-0.7520947414880887
2016-12-01,0.11277210682513474
2016-12-02,0.4938263360780254
2016-12-05,0.8227162032833432
2016-12-06,0.11885096852552274
2016-12-07,-0.07021171868992089
2016-12-08,-1.1164205251426786
2016-12-09,0.015621367635050388
2016-12-12,-1.3419887411364844
2016-12-13,-0.7285586937037637
2016-12-14,-0.21117023199770787
2016-12-15,1.223182544401376
2016-12-16,0.912864236543122
2016-12-19,0.5625286034831127
2016-12-20,1.2556834040293647
2016-12-21,-1.2285232599775433
2016-12-22,0.9970335286399198
2016-12-23,-0.42177084249464886
2016-12-27,-0.6664624594129326
2016-12-28,-0.5861672074646783
2016-12-29,0.09517852544461407
2016-12-30,-0.272016113866403
2017-01-03,1.6414683916234014
2017-01-04,0.887167529881679
2017-01-05,1.1839265978545204
2017-01-06,-0.8375722545955505
2017-01-09,-1.2040338117727594
2017-01-10,0.18663579501256478
2017-01-11,-0.4496953438091563
2017-01-12,0.1405945808767103
2017-01-13,0.0638208491976717
2017-01-17,-0.841438187731337
2017-01-18,0.3596024118167689
2017-01-19,1.2665341136450916
2017-01-20,0.181610015581164
2017-01-23,-0.9045540363577292
2017-01-24,0.3041232023593433
2017-01-25,-0.8593492191082341
2017-01-26,0.4398716917649908
2017-01-27,-1.1327001702664048
2017-01-30,0.2807078424521728
2017-01-31,0.3734782101918665
2017-02-01,-0.559979064988115
2017-02-02,0.5944800766610614
2017-02-03,1.5019068880768391
2017-02-06,-0.07418311861473936
2017-02-07,-0.2918056436093111
2017-02-08,-0.2658870241892277
2017-02-09,-0.04306944958558366
2017-02-10,0.4018232188923106
2017-02-13,0.17571483832253487
2017-02-14,0.38027407890958037
2017-02-15,0.9762693658746402
2017-02-16,1.3386495828640017
2017-02-17,0.5367855514238606
2017-02-21,0.12008974299369551
2017-02-22,0.7363993573301366
2017-02-23,-0.4472984218667594
2017-02-24,0.7388861373392035
2017-02-27,0.23738305423144215
2017-02-28,-0.02810004964368488
2017-03-01,0.3721203134138985
2017-03-02,-0.5315980220243633
2017-03-03,0.02025121702928304
2017-03-06,-0.4078468764837783
2017-03-07,-0.23484952806038917
2017-03-08,-0.9560390052365563
2017-03-09,-0.7161284024786674
2017-03-10,-0.8265885678735545
2017-03-13,0.3949580736882903
2017-03-14,-0.745228414403051
2017-03-15,-0.08725464505296868
2017-03-16,-0.6415511682148539
2017-03-17,1.0977638792011655
2017-03-20,-0.9547174863114566
2017-03-21,-1.5779037824140694
2017-03-22,0.48425467024737145
2017-03-23,-0.44198753842538235
2017-03-24,-1.1769038864995847
2017-03-27,-1.1289275135878327
2017-03-28,0.022703199522133507
2017-03-29,-0.230401075998006
2017-03-30,-0.022794219680995525
2017-03-31,-0.8851946505911119
2017-04-03,0.4631559957788241
2017-04-04,-0.03562359174824969
2017-04-05,-1.3303997011697197
2017-04-06,0.5351820865648993
2017-04-07,1.0921949436066658
2017-04-10,-0.08159921244992506
2017-04-11,0.5018668807560394
2017-04-12,-0.8042825490723496
2017-04-13,-0.34606206698112313
2017-04-17,-0.8844009157395176
2017-04-18,-0.6406391877632245
2017-04-19,0.17869430364796118
2017-04-20,-0.09803293997971292
2017-04-21,-0.25042218258854676
2017-04-24,1.3621529563130441
2017-04-25,0.34587395577741703
2017-04-26,-0.7811419442606002
2017-04-27,-0.41390636782886603
2017-04-28,-0.5636425712089097
2017-05-01,-0.5833620193232621
2017-05-02,0.31001640838739236
2017-05-03,0.04494377982382481
2017-05-04,-4.641476624963232
2017-05-05,2.560218134545477
2017-05-08,-0.13492310247504924
2017-05-09,0.17297599014998777
2017-05-10,0.10379091483124875
2017-05-11,-0.3884832551330963
2017-05-12,-0.6036319169921898
2017-05-15,1.0711474784646096
2017-05-16,-0.4365359614966445
2017-05-17,-1.8994735038556387
2017-05-18,-0.35617454537614607
2017-05-19,1.7740099051742229
2017-05-22,0.08673718945093134
2017-05-23,-0.0340759502154386
2017-05-24,-0.13764457176136188
2017-05-25,0.6961594149585789
2017-05-26,-0.46392792952668255
2017-05-30,-0.859683127766275
2017-05-31,0.5437878843356068
2017-06-01,-0.6036927715166057
2017-06-02,-0.2406447766176482
2017-06-05,-0.9959267304106605
2017-06-06,-0.9072159021664439
2017-06-07,0.3299682486835339
2017-06-08,0.9075772026300811
2017-06-09,0.29677107009903814
2017-06-12,0.4137282106423013
2017-06-13,0.6171409076898993
2017-06-14,-0.026479094406952744
2017-06-15,-0.4904747084059239
2017-06-16,-3.4701393154567417
2017-06-19,0.3850422194863676
2017-06-20,-0.36828937131229794
2017-06-21,0.07065448811868702
2017-06-22,-0.4209548927885496
2017-06-23,0.43561622054201604
2017-06-26,-0.24459334411396003
2017-06-27,0.20192691224650944
2017-06-28,0.09782819925512173
2017-06-29,-0.8239717254029888
2017-06-30,0.3173732412492627
2017-07-03,1.9100275583009354
2017-07-05,0.47176433054984934
2017-07-06,-0.5982418916958806
2017-07-07,0.5060924732039406
2017-07-10,0.10061146220384008
2017-07-11,0.5302807243200285
2017-07-12,1.5218694123989855
2017-07-13,-0.3862510814844377
2017-07-14,-0.12421551970047623
2017-07-17,0.002334369936064926
2017-07-18,-0.3536041532996171
2017-07-19,0.336476360960993
2017-07-20,0.1934443623003047
2017-07-21,0.6844383769918376
2017-07-24,0.05399171421824125
2017-07-25,0.6046777990070031
2017-07-26,-0.09429099630872353
2017-07-27,-0.2670873075847227
2017-07-28,0.8869859455413822
2017-07-31,0.10097271889447773
2017-08-01,0.10683608248668403
2017-08-02,0.4781371187741199
2017-08-03,1.7770308583633923
2017-08-04,-0.054430837895303626
2017-08-07,-0.19516887880304487
2017-08-08,0.07744388119765423
2017-08-09,0.17385646760547394
2017-08-10,-0.6051541787031475
2017-08-11,-0.04236854161594988
2017-08-14,0.5175499783559724
2017-08-15,-0.2837729422089025
2017-08-16,-1.2013927046490651
2017-08-17,-0.8425353982964114
2017-08-18,-1.122202693120235
2017-08-21,-0.49018955535580366
2017-08-22,1.2007371218537999
2017-08-23,-0.15675618317532386
2017-08-24,0.7624578662256438
2017-08-25,-0.2040596659233699
2017-08-28,-0.9851385684478124
2017-08-29,0.8133947147823397
2017-08-30,0.49851315032487864
2017-08-31,1.015983260064702
2017-09-01,0.2651488148330993
2017-09-05,-0.6039610824677301
2017-09-06,-0.6210073817780771
2017-09-07,-0.6014982714051645
2017-09-08,0.09496375276297436
2017-09-11,0.3605974495946623
2017-09-12,0.4943837150587754
2017-09-13,-1.080628899589105
2017-09-14,-0.16857131727944005
2017-09-15,0.6480670612170337
2017-09-18,0.9182725987530653
2017-09-19,0.3788686402246972
2017-09-20,0.22649067436080692
2017-09-21,0.2284890514016459
2017-09-22,0.2750285329405155
2017-09-25,-0.06881357418296599
2017-09-26,0.4410783904620917
2017-09-27,0.28455780395467845
2017-09-28,-0.22940295609166902
2017-09-29,0.9369628222470369
2017-10-02,0.9506228469462102
2017-10-03,0.5067878771227323
2017-10-04,0.5197551389571841
2017-10-05,-0.11207613099308616
2017-10-06,0.3774561691580319
2017-10-09,-0.08651996808014335
2017-10-10,-0.429597775921623
2017-10-11,-0.4018166223417581
2017-10-12,0.3319024175606888
2017-10-13,-0.42611457210263426
2017-10-16,0.33741695320295517
2017-10-17,-0.3195899416219804
2017-10-18,-0.21028741094573727
2017-10-19,-0.13553823293925576
2017-10-20,0.0662493468367125
2017-10-23,-0.3689421382414667
2017-10-24,0.28445394702459115
2017-10-25,-0.6919304976331809
2017-10-26,-0.7659088680678622
2017-10-27,0.3851151890334979
2017-10-30,-0.5023034762176517
2017-10-31,0.09992693926212382
2017-11-01,0.14380164710663176
2017-11-02,0.16323599564593835
2017-11-03,0.019770249855420398
2017-11-06,0.2168252138730239
2017-11-07,-1.0469860728955815
2017-11-08,5.262848399962169
2017-11-09,-3.105243123584306
2017-11-10,-0.7276567784353244
2017-11-13,-0.5917032734796962
2017-11-14,-0.6456853641361772
2017-11-15,-0.7753450278290109
2017-11-16,-0.011495330391555746
2017-11-17,-1.1077114096525524
2017-11-20,0.41590020612352235
2017-11-21,0.6857780264731941
2017-11-22,-0.7265646857080078
2017-11-24,0.03851954539418472
2017-11-27,0.11919894737347565
2017-11-28,1.9546220739461482
2017-11-29,-0.5735131990524552
2017-11-30,0.5664698863871737
2017-12-01,-1.993510117904695
2017-12-04,-0.6573559289616724
2017-12-05,-0.6009138099656551
2017-12-06,0.21544003105544623
2017-12-07,0.6705305955868336
2017-12-08,0.3011284312949415
2017-12-11,-1.0738292698767855
2017-12-12,-0.2827724559445433
2017-12-13,0.4374319612198224
2017-12-14,-0.5095594193901382
2017-12-15,1.5901801570623018
2017-12-18,-0.1673964693951605
2017-12-19,-0.28901642452841525
2017-12-20,-0.07293395760110255
2017-12-21,-0.9881047997845345
2017-12-22,0.6303388708936686
2017-12-26,-0.3000195696709654
2017-12-27,0.18766044060741316
2017-12-28,0.5473395074818725
2017-12-29,-1.3656459621224006
2018-01-02,-2.727899082812819
2018-01-03,0.42130551516503245
2018-01-04,1.0771682247407426
2018-01-05,0.3178567735555814
2018-01-08,0.7232298476706827
2018-01-09,1.0035816151244046
2018-01-10,-0.7106124850276779
2018-01-11,0.5834343876487946
2018-01-12,2.5999695458145546
2018-01-16,-4.010353265476926
2018-01-17,0.613503492758581
2018-01-18,-0.18776586138754403
2018-01-19,1.6251136627031422
2018-01-22,-1.1063851264309457
2018-01-23,-1.313906832536342
2018-01-24,0.9447800518598753
2018-01-25,0.927566075329697
2018-01-26,1.959896569620748
2018-01-29,-0.10045098644080319
2018-01-30,-0.9816101514902129
2018-01-31,-2.3427696374064606
2018-02-01,1.169670573572039
2018-02-02,0.6460015127291328
2018-02-05,-4.704620933330265
2018-02-06,-0.3405863555480934
2018-02-07,2.172850401676956
2018-02-08,-2.9408543663937343
2018-02-09,1.4809745696353154
2018-02-12,1.3451203038106088
2018-02-13,0.7011037061274513
2018-02-14,1.0986714597936738
2018-02-15,3.7714860728159687
2018-02-16,2.5993787467633744
2018-02-20,0.039830311378258466
2018-02-21,1.1266734611979168
2018-02-22,-1.8946727414541993
2018-02-23,0.49421946949021234
2018-02-26,0.23150484209511527
2018-02-27,-0.9140628505491692
2018-02-28,-0.24275409008659962
2018-03-01,-0.48284478700189787
2018-03-02,0.08812484286863217
2018-03-05,-0.2462346143149006
2018-03-06,-0.42412653087738766
2018-03-07,0.19004744965384066
2018-03-08,0.3054747482322291
2018-03-09,0.7246338110396213
2018-03-12,-1.551435396805046
2018-03-13,0.07728607545502224
2018-03-14,-0.8704877844032787
2018-03-15,-0.47915635946779406
2018-03-16,0.00443669072238635
2018-03-19,-0.07237344802027795
2018-03-20,0.6040934839773646
2018-03-21,-0.2812598361535819
2018-03-22,-1.7691852254196518
2018-03-23,1.2187867309902838
2018-03-26,2.0435232535309047
2018-03-27,-1.9561262042846137
2018-03-28,-0.47416747956009303
2018-03-29,1.1063646215051366
2018-04-02,-1.1712631383003698
2018-04-03,1.3823246347951696
2018-04-04,0.12726957963164384
2018-04-05,0.2007079547174321
2018-04-06,-1.2456151127213646
2018-04-09,0.14304735072360697
2018-04-10,-0.6563317247854075
2018-04-11,-0.13199185034329
2018-04-12,0.6238511311819943
2018-04-13,-0.19987745907128332
2018-04-16,0.44763454073776954
2018-04-17,0.5038373881470513
2018-04-18,0.6226750059402254
2018-04-19,0.36450986038209937
2018-04-20,-0.5741304044543517
2018-04-23,0.27134491768863034
2018-04-24,-2.342521907553175
2018-04-25,-0.8893014025038226
2018-04-26,-0.3140641116556551
2018-04-27,-1.534500192521394
2018-04-30,-0.7244911915183422
2018-05-01,-2.3036246540155423
2018-05-02,-0.845358421119998
2018-05-03,-6.466407924580708
2018-05-04,0.920952979494046
2018-05-07,1.4313030814431127
2018-05-08,1.5959417877760624
2018-05-09,-0.10450881973593013
2018-05-10,0.1991573575226219
2018-05-11,-0.6320413394927885
2018-05-14,-0.4986697629077421
2018-05-15,-0.06235755450669152
2018-05-16,0.5874921207539332
2018-05-17,0.04167404934869909
2018-05-18,0.1753271461312912
2018-05-21,0.259232141015549
2018-05-22,-0.5779713045817373
2018-05-23,0.4348608978099031
2018-05-24,1.4972266564488557
2018-05-25,-0.7659507652882366
2018-05-29,-1.4526307355179953
2018-05-30,0.8427611277928484
2018-05-31,-0.4677103956994066
2018-06-01,0.5530200047490814
2018-06-04,0.23480307553514038
2018-06-05,-0.45899977657522206
2018-06-06,0.6151110361957471
2018-06-07,-0.742487356452516
2018-06-08,0.969870536583911
2018-06-11,-0.1820910147648061
2018-06-12,-1.1039563890452377
2018-06-13,-0.33452743825706593
2018-06-14,-0.22125199700330528
2018-06-15,0.12310116728052588
2018-06-18,0.2925787984563131
2018-06-19,-2.02974321366129
2018-06-20,-0.21029651411812575
2018-06-21,-0.6610639025612994
2018-06-22,0.3243533588514467
2018-06-25,0.26371132827764077
2018-06-26,-0.01638217879221079
2018-06-27,-0.43706290421770483
2018-06-28,0.8446357831222301
2018-06-29,0.2350170725002982
2018-07-02,0.1126786856928054
2018-07-03,-0.18870345489720602
2018-07-05,0.18577344271850815
2018-07-06,-0.011485648612441151
2018-07-09,1.4011785892182507
2018-07-10,0.1273110998398098
2018-07-11,-0.47024118003535265
2018-07-12,0.2400222696210281
2018-07-13,0.534735382296194
2018-07-16,0.4921769736947057
2018-07-17,0.13711258361497833
2018-07-18,0.23775824964277734
2018-07-19,-0.36722975786516504
2018-07-20,-0.050544912513525775
2018-07-23,-0.17814181612226576
2018-07-24,0.022116813533810894
2018-07-25,0.06936435152792615
2018-07-26,0.9769317609795514
2018-07-27,0.10894972094860209
2018-07-30,-1.0110296193362147
2018-07-31,1.2901727953488578
2018-08-01,-0.9535602873377009
2018-08-02,2.8014185649203
2018-08-03,-1.2204731352707092
2018-08-06,-0.6293686223603867
2018-08-07,0.011507513997958735
2018-08-08,0.25874629036127766
2018-08-09,0.4343538543653222
2018-08-10,0.2711199646735597
2018-08-13,0.6348570738002828
2018-08-14,0.6435909752592174
2018-08-15,-0.6582334916703212
2018-08-16,0.8652480740164039
2018-08-17,0.6409337565155591
2018-08-20,0.2725591942680983
2018-08-21,1.0941681972667956
2018-08-22,-0.6510676802045435
2018-08-23,-0.9608206169605387
2018-08-24,0.09253577462403727
2018-08-27,0.669935113450758
2018-08-28,-0.5773949915480004
2018-08-29,-0.4074871988887954
2018-08-30,-1.2834944586096368
2018-08-31,0.8155842131060458
2018-09-04,-0.3055355637179225
2018-09-05,0.26318774129737094
2018-09-06,0.8133925578063053
2018-09-07,-0.6207438854481105
2018-09-10,0.46598942480884625
2018-09-11,-1.0088412153015158
2018-09-12,0.457741945278064
2018-09-13,0.7038444385351357
2018-09-14,0.8829427711199853
2018-09-17,1.0096370738043698
2018-09-18,0.07172240659715981
2018-09-19,-1.4103939239098908
2018-09-20,-0.4968836316446714
2018-09-21,1.2695159381836063
2018-09-24,-0.43456061549579866
2018-09-25,0.384427024279936
2018-09-26,-0.16521122980289527
2018-09-27,0.1371940847314223
2018-09-28,-0.014243052632617768
2018-10-01,0.26380550006253034
2018-10-02,-0.32902404620701364
2018-10-03,0.5930097685740263
2018-10-04,-0.08471735248008767
2018-10-05,0.5914044957335285
2018-10-08,-0.05784015267536389
2018-10-09,-0.5512132157189458
2018-10-10,-2.500579332505875
2018-10-11,-3.481076310535267
2018-10-12,-1.6624297850593683
2018-10-15,1.8766661192319993
2018-10-16,0.30191913483726057
2018-10-17,-0.5166508928890692
2018-10-18,0.020456139856556428
2018-10-19,0.28592316498401926
2018-10-22,0.4177439623854099
2018-10-23,-0.7976005917493201
2018-10-24,-2.6546922155208907
2018-10-25,-0.6718767745965634
2018-10-26,-0.5361112034065104
2018-10-29,-2.0906061367276583
2018-10-30,1.4407217848946114
2018-10-31,1.089222784286913
2018-11-01,1.3439239083448262
2018-11-02,-0.8330230189819372
2018-11-05,1.3904239172971242
2018-11-06,0.4125474219395228
2018-11-07,1.4006187057570545
2018-11-08,-3.308596173091337
2018-11-09,0.8946109175927555
2018-11-12,-2.3174982695525137
2018-11-13,-0.21717007032484498
2018-11-14,0.0883851806413238
2018-11-15,0.4262535195588104
2018-11-16,0.34992508831636226
2018-11-19,-1.1336347227861472
2018-11-20,-0.5189010669660836
2018-11-21,0.19896824558693807
2018-11-23,0.3074863716180571
2018-11-26,0.3578800525273297
2018-11-27,-2.2148541330375986
2018-11-28,2.5151134794627943
2018-11-29,0.4511867765017081
2018-11-30,0.1805167802673097
2018-12-03,-0.3686336418856129
2018-12-04,-2.551116238956006
2018-12-06,-0.1616295726637764
2018-12-07,-1.110535517746103
2018-12-10,0.31191047525497545
2018-12-11,0.3051187893893783
2018-12-12,0.5516542667729278
2018-12-13,-0.7334249397215525
2018-12-14,-0.3310086388729087
2018-12-17,-0.214866066422731
2018-12-18,-0.034306351207792664
2018-12-19,-2.188632901752282
2018-12-20,-0.9251213704700776
2018-12-21,-1.5384474010770695
2018-12-24,-0.6728277243214255
2018-12-26,1.950316995099984
2018-12-27,1.0875773209120507
2018-12-28,0.20679535579590752
2018-12-31,0.6183546548178737
2019-01-02,0.6356035610341382
2019-01-03,-0.9596210992248115
2019-01-04,1.791949047997706
2019-01-07,0.15382279539240187
2019-01-08,-0.30869861704097457
2019-01-09,-0.5828999797605364
2019-01-10,0.10187214530724703
2019-01-11,0.5596305190063481
2019-01-14,0.43021438700376774
2019-01-15,0.42204324994289394
2019-01-16,-0.47017758799381065
2019-01-17,0.4437917614695344
2019-01-18,0.8558916797313736
2019-01-22,-0.9475653293425018
2019-01-23,0.06631210875112391
2019-01-24,0.6700125695082665
2019-01-25,0.8129269734289147
2019-01-28,0.6676055698772199
2019-01-29,0.5075304270160853
2019-01-30,0.6174671808236968
2019-01-31,-0.5525218307472974
2019-02-01,0.006237643129216466
2019-02-04,1.2613118948359978
2019-02-05,0.1445637546116827
2019-02-06,-0.17227335755556
2019-02-07,-0.19576494960082655
2019-02-08,-0.22847431429980686
2019-02-11,0.3440827685619279
2019-02-12,0.9605053393151851
2019-02-13,0.44882012996849774
2019-02-14,-0.36143551400962365
2019-02-15,1.3195329574600458
2019-02-19,-0.39677233789748984
2019-02-20,0.7559769306614795
2019-02-21,-0.704432916725908
2019-02-22,0.0632037299255927
2019-02-25,-0.8681195305838058
2019-02-26,-0.36607064668838496
2019-02-27,-0.42469087809345063
2019-02-28,-0.17404695315938942
2019-03-01,0.20337578449812574
2019-03-04,-0.9255798353313373
2019-03-05,0.0703701861480678
2019-03-06,-0.46070699495903833
2019-03-07,-0.8022073135713699
2019-03-08,-0.317749836755119
2019-03-11,0.1665655122032476
2019-03-12,0.9285220155259373
2019-03-13,1.1665378499861105
2019-03-14,-0.09649209925277591
2019-03-15,-0.7362212804999413
2019-03-18,0.8525335475495479
2019-03-19,-0.605813323664296
2019-03-20,-0.023427339156505442
2019-03-21,0.8678108628200021
2019-03-22,-1.214773746450457
2019-03-25,0.10739178372085281
2019-03-26,0.01327325060326328
2019-03-27,-0.023445493414890592
2019-03-28,0.6366265573340532
2019-03-29,0.61287034248994
2019-04-01,1.4444209590973498
2019-04-02,-0.3930848925312962
2019-04-03,-0.546917681765729
2019-04-04,0.28014286644218234
2019-04-05,0.9262713678167025
2019-04-08,0.41517383911134
2019-04-09,-0.31773000529825207
2019-04-10,-0.13489996902297774
2019-04-11,1.4194263660906576
2019-04-12,0.48334958303398945
2019-04-15,0.003891379653548586
2019-04-16,0.5125591307502398
2019-04-17,-0.24576259071240653
2019-04-18,0.27929347322250936
2019-04-22,-0.4235619107818781
2019-04-23,1.6891441844375314
2019-04-24,-0.04911697894348776
2019-04-25,-0.480954701923504
2019-04-26,-0.4257721806773775
2019-04-29,-0.1272739983011513
2019-04-30,0.4379764217259849
2019-05-01,0.1586090192745136
2019-05-02,-3.960711778627126
2019-05-03,1.1740947384405491
2019-05-06,-0.40093220443838645
2019-05-07,-0.5986667963411946
2019-05-08,-0.4654356059937968
2019-05-09,0.1471109991988057
2019-05-10,0.3484942675011784
2019-05-13,-0.9356028805220108
2019-05-14,0.14814818209385938
2019-05-15,-0.20302407516817353
2019-05-16,1.0917572820678279
2019-05-17,-0.49017551302539325
2019-05-20,0.8610728159841022
2019-05-21,0.5865552616461608
2019-05-22,-0.5482450857620894
2019-05-23,-1.3900134358984781
2019-05-24,0.37158721943222456
2019-05-28,-0.25738881176553335
2019-05-29,-0.03987292742795466
2019-05-30,0.15204827037117738
2019-05-31,0.09313421675812285
2019-06-03,0.806776759051372
2019-06-04,0.9550407429989981
2019-06-05,1.337045409656308
2019-06-06,-0.3143937301631927
2019-06-07,0.9871836534060879
2019-06-10,-0.9605744978747857
2019-06-11,-1.5321225688509859
2019-06-12,0.48994286607390086
2019-06-13,1.1260449962189985
2019-06-14,-0.033478222912398194
2019-06-17,0.33799857654385534
2019-06-18,0.8685384638521922
2019-06-19,0.7082226803737223
2019-06-20,0.7901198420598166
2019-06-21,-0.5142842048856395
2019-06-24,-0.08335845093413227
2019-06-25,0.20935914812626813
2019-06-26,-0.06235681975304816
2019-06-27,0.15833088658448935
2019-06-28,0.19841536014537928
2019-07-01,-0.09374845837633004
2019-07-02,1.2712692474769909
2019-07-03,0.8760361933417797
2019-07-05,-0.5893314367775943
2019-07-08,-0.46050053707904465
2019-07-09,0.6112484476243282
2019-07-10,-0.23355442830947235
2019-07-11,0.5905201788361394
2019-07-12,0.48839290952085224
2019-07-15,0.030124564714083688
2019-07-16,0.31761313509667644
2019-07-17,-1.242937237956773
2019-07-18,-0.39174963001717766
2019-07-19,0.03422232829913826
2019-07-22,-0.3143228251384532
2019-07-23,0.37561036205737536
2019-07-24,0.8612448994927916
2019-07-25,-0.0872801262195225
2019-07-26,0.14371124801259913
2019-07-29,-0.0371615948579928
2019-07-30,-0.18787028108270537
2019-07-31,-1.2638568944388562
2019-08-01,-3.509194744931859
2019-08-02,-2.4151697233609792
2019-08-05,-1.241997446704592
2019-08-06,1.2814121523035051
2019-08-07,0.3861937948299324
2019-08-08,1.348372490638409
2019-08-09,-0.7447756981521585
2019-08-12,-1.5093096420557723
2019-08-13,-0.0163102119339831
2019-08-14,-0.8074680238528636
2019-08-15,0.9426503488437274
2019-08-16,0.8463683482792015
2019-08-19,0.4330805699900927
2019-08-20,-0.16800777691119653
2019-08-21,0.5742312307177473
2019-08-22,-0.20752300876192975
2019-08-23,-1.1648275063403477
2019-08-26,0.14047321797176374
2019-08-27,-0.5343649631934387
2019-08-28,0.3902859089720354
2019-08-29,1.267180623634851
2019-08-30,0.5192063541769786
2019-09-03,-0.23908396997666265
2019-09-04,0.17949069179786367
2019-09-05,1.5927597670483034
2019-09-06,0.2326112186879867
2019-09-09,0.15108243813192626
2019-09-10,0.6789880113839067
2019-09-11,0.6893358693657753
2019-09-12,-0.9352811937453461
2019-09-13,0.43160474916386454
2019-09-16,1.172011547454186
2019-09-17,-0.38830360619660936
2019-09-18,-0.33321063466845086
2019-09-19,-0.29619884842422806
2019-09-20,-0.9511111487126462
2019-09-23,-0.6458029384577928
2019-09-24,0.12220561017231006
2019-09-25,0.34243791602699314
2019-09-26,0.1776764492864281
2019-09-27,-0.20121932661337474
2019-09-30,-0.40197666147094074
2019-10-01,-1.4428956286713361
2019-10-02,-1.7517504898913143
2019-10-03,0.8485609158783075
2019-10-04,0.6341695895771877
2019-10-07,0.2104992196851864
2019-10-08,-0.596988078712075
2019-10-09,0.7243753302369492
2019-10-10,0.8747699588407786
2019-10-11,0.9113359477055167
2019-10-14,0.22528595637392976
2019-10-15,0.2151964045563699
2019-10-16,0.5352897441908676
2019-10-17,-0.9094206520154544
2019-10-18,-0.45555650044604323
2019-10-21,0.2836212479258915
2019-10-22,1.2004207018741215
2019-10-23,0.5785434522929955
2019-10-24,0.9964699044928759
2019-10-25,0.12813935799961818
2019-10-28,0.4100438843816688
2019-10-29,-0.043736472785076766
2019-10-30,0.6817157859604905
2019-10-31,0.141996202120821
2019-11-01,1.2443324544282979
2019-11-04,-0.41419446180710867
2019-11-05,0.36592377719886454
2019-11-06,1.041091504957275
2019-11-07,4.1416492856629565
2019-11-08,0.16547228632468505
2019-11-11,0.13605838290061845
2019-11-12,0.4818825345989215
2019-11-13,0.08880417633123619
2019-11-14,0.1776614623647905
2019-11-15,0.3167461323604255
2019-11-18,0.2504019151869334
2019-11-19,-0.23674041309151092
2019-11-20,-0.824248019586533
2019-11-21,-0.9557608388601881
2019-11-22,-0.2863959718840255
2019-11-25,-0.2150427006814487
2019-11-26,0.017484107901927698
2019-11-27,1.035258048389416
2019-11-29,-0.2821109096128127
2019-12-02,-0.4794595543616369
2019-12-03,-0.2627525891655976
2019-12-04,1.3482297456824204
2019-12-05,-0.7271010004985445
2019-12-06,0.3077354167505308
2019-12-09,-0.11935995140544073
2019-12-10,-0.4609681623034412
2019-12-11,0.46272239002970283
2019-12-12,0.15195134250772657
2019-12-13,-0.9642664904531227
2019-12-16,0.22147943080387295
2019-12-17,-0.046971079369781885
2019-12-18,-0.25886792872298076
2019-12-19,0.6115556947181043
2019-12-20,-0.12844553887405824
2019-12-23,0.28000030339159
2019-12-24,-0.5243421302911749
2019-12-26,-0.4899625669318843
2019-12-27,-0.526368204633296
2019-12-30,0.12421569096170053
2019-12-31,-0.35094491241039016
2020-01-02,1.3268479422905413
2020-01-03,2.0144043109065044
2020-01-06,0.31966740198750276
2020-01-07,0.5759610814053491
2020-01-08,0.3080285190231229
2020-01-09,1.7611466811043759
2020-01-10,-1.4362028112078475
2020-01-13,0.9189447088236679
2020-01-14,-0.9987634550026411
2020-01-15,0.6148750413581318
2020-01-16,0.5407150485116169
2020-01-17,0.21881348358015962
2020-01-21,0.09774087290895334
2020-01-22,-0.8388864429783829
2020-01-23,0.25216403367951307
2020-01-24,-0.2633873108389769
2020-01-27,-0.7122828651087231
2020-01-28,-0.0388009628258111
2020-01-29,-2.7152124694427324
2020-01-30,0.3231304367492694
2020-01-31,-1.3728823313877418
2020-02-03,0.024094159895284267
2020-02-04,0.939534889354315
2020-02-05,1.1285107352121881
2020-02-06,-0.438669214688467
2020-02-07,0.18043789798763055
2020-02-10,-0.13407280602945235
2020-02-11,-0.2990875836839337
2020-02-12,0.4641832423313058
2020-02-13,-5.173641576978104
2020-02-14,-1.1697262557352543
2020-02-18,-2.4395193367162897
2020-02-19,-0.5351340966048286
2020-02-20,0.4642556402956886
2020-02-21,-0.4230729121612791
2020-02-24,-0.3609447965866763
2020-02-25,-3.463704984395448
2020-02-26,-0.9230517257238845
2020-02-27,-1.0614626204907704
2020-02-28,-2.9737707775751767
2020-03-02,1.2664473970107384
2020-03-03,-0.6343716527367224
2020-03-04,3.486164678763055
2020-03-05,-2.8431038392763766
2020-03-06,-1.6121971271096849
2020-03-09,-2.8604349055477325
2020-03-10,4.188130853325984
2020-03-11,-3.2234751847656353
2020-03-12,-6.000961535378618
2020-03-13,0.6129435950043961
2020-03-16,-6.331119454666745
2020-03-17,1.3981679965246927
2020-03-18,3.2394593257075477
2020-03-19,-0.7700823695094472
2020-03-20,-2.840362123524124
2020-03-23,-1.5439689341871587
2020-03-24,3.293306405525365
2020-03-25,3.164871703913883
2020-03-26,4.135932906952623
2020-03-27,-2.1625083671510734
2020-03-30,0.9107916215469309
2020-03-31,-1.6545347047867545
2020-04-01,-2.1224289414770534
2020-04-02,1.797780056981951
2020-04-03,0.11409454929331889
2020-04-06,2.804483679123034
2020-04-07,-0.4064727261590484
2020-04-08,0.798990216056882
2020-04-09,-0.6345806567280277
2020-04-13,0.48450701927858875
2020-04-14,0.5265364031873077
2020-04-15,-1.2603825988749098
2020-04-16,0.34142108997416926
2020-04-17,0.7519147321338117
2020-04-20,-0.7621917155384822
2020-04-21,-1.6670433309178272
2020-04-22,0.4213349322464386
2020-04-23,0.14614822312280207
2020-04-24,-0.47196518698847517
2020-04-27,0.847756691062343
2020-04-28,0.6679972470385478
2020-04-29,0.9200767136840361
2020-04-30,-0.8488638696960077
2020-05-01,-1.241255296948437
2020-05-04,-1.2586695331291515
2020-05-05,0.631430534468551
2020-05-06,-0.8927699419269934
2020-05-07,-1.218581072421775
2020-05-08,1.6952930586856365
2020-05-11,-0.5386421449836091
2020-05-12,-1.0383188970734962
2020-05-13,-0.7433914901574442
2020-05-14,0.4905241206753846
2020-05-15,-0.3688977517440276
2020-05-18,2.2841835864997746
2020-05-19,-1.538245897451026
2020-05-20,0.3980244537323918
2020-05-21,1.4517387696073416
2020-05-22,0.29449845479250086
2020-05-26,2.2498926589176085
2020-05-27,2.4467400578779888
2020-05-28,-0.8110639924297816
2020-05-29,-0.1530971346871026
2020-06-01,-0.8556683104100483
2020-06-02,-0.24865202213112975
2020-06-03,1.0781071576231982
2020-06-04,-0.2152491982557536
2020-06-05,0.793269939676055
2020-06-08,0.6642037692219611
2020-06-09,-1.5780016150857075
2020-06-10,-0.14120854355264548
2020-06-11,-3.2473337573993315
2020-06-12,0.334788784418605
2020-06-15,-0.021660395565444142
2020-06-16,0.744719281639638
2020-06-17,-0.3121366080670021
2020-06-18,-0.4849953269603924
2020-06-19,-0.566334468809062
2020-06-22,-0.12670829923680352
2020-06-23,-0.12903296903494538
2020-06-24,-2.139696996522728
2020-06-25,1.1207779638713655
2020-06-26,-0.21465368865765022
2020-06-29,1.4204059268608102
2020-06-30,-0.5868207145072211
2020-07-01,-0.1250996157346804
2020-07-02,-0.09278212037346986
2020-07-06,0.07666545650771676
2020-07-07,-1.044876656823943
2020-07-08,-0.13995153679973943
2020-07-09,-1.248259561264988
2020-07-10,1.2405697641037936
2020-07-13,0.6159860146094068
2020-07-14,0.5230522583592145
2020-07-15,1.1361474516349896
2020-07-16,0.5351249189585797
2020-07-17,0.3582572842800926
2020-07-20,-0.9432010678223749
2020-07-21,0.40669140199655834
2020-07-22,0.3654437337706115
2020-07-23,0.30232605199579254
2020-07-24,-0.7585717668626011
2020-07-27,-0.7737078908301674
2020-07-28,0.4200219962425057
2020-07-29,0.22623245067143757
2020-07-30,-0.1934910709774087
2020-07-31,-0.20260573163295476
2020-08-03,0.37192722714700044
2020-08-04,-0.3678521057356895
2020-08-05,1.111662724644059
2020-08-06,-3.377474919592506
2020-08-07,1.1608024817905223
2020-08-10,0.295701003710126
2020-08-11,-0.10310664202191006
2020-08-12,-0.9333710111580289
2020-08-13,0.017771288250602032
2020-08-14,0.6375105611989411
2020-08-17,-0.811369697070883
2020-08-18,-0.14645394312868365
2020-08-19,0.14078663752296136
2020-08-20,-0.6964970153722534
2020-08-21,-0.1721926418611489
2020-08-24,0.8403417431624122
2020-08-25,-0.7033531928396828
2020-08-26,-1.139802510468157
2020-08-27,0.17553721052194704
2020-08-28,-0.19235136407495373
2020-08-31,-0.18216030281151058
2020-09-01,-0.2437271825124448
2020-09-02,0.29026089926949444
2020-09-03,-0.24978285564824637
2020-09-04,-0.5893311339132233
2020-09-08,-1.390011687231496
2020-09-09,-0.04592210744300364
2020-09-10,-0.8527649572839626
2020-09-11,2.466082372148788
2020-09-14,-0.0808027468234844
2020-09-15,-0.33136752258262764
2020-09-16,0.7094509203391374
2020-09-17,0.6889179171595258
2020-09-18,-0.2865543441835011
2020-09-21,-1.2375063844716903
2020-09-22,-0.019613999701037804
2020-09-23,-0.9998921993441748
2020-09-24,0.07308229252463638
2020-09-25,0.4971277049666386
2020-09-28,0.5339865247465551
2020-09-29,-0.42808087193710276
2020-09-30,-0.06528933659905008
2020-10-01,-0.1487944338347486
2020-10-02,1.0917787841779811
2020-10-05,0.5847161692929995
2020-10-06,0.24214281353171097
2020-10-07,0.23872067711443448
2020-10-08,0.45120959402416916
2020-10-09,0.12524669467676247
2020-10-12,-0.08024944849933867
2020-10-13,-0.1901386806512855
2020-10-14,0.7782698518168252
2020-10-15,-0.9009878261309072
2020-10-16,0.15681903124795482
2020-10-19,-0.20439758123971652
2020-10-20,0.22734766657218605
2020-10-21,0.4870303842002891
2020-10-22,0.689884880969994
2020-10-23,0.1877394926386869
2020-10-26,-0.6827188908679678
2020-10-27,-0.715477243441004
2020-10-28,-1.1884377640389112
2020-10-29,0.4395454725053836
2020-10-30,1.1606027819033773
2020-11-02,0.5416869508883349
2020-11-03,1.7571046276164528
2020-11-04,-1.35861601885174
2020-11-05,0.3114841637939319
2020-11-06,0.2801943730853422
2020-11-09,0.8143545947449708
2020-11-10,1.3050834492413848
2020-11-11,-0.7129873361498124
2020-11-12,0.1734992860993478
2020-11-13,1.2607103202891476
2020-11-16,-0.10135807214754429
2020-11-17,-0.033690733435651786
2020-11-18,0.10456570630702311
2020-11-19,-0.1159821365833657
2020-11-20,-0.7031264137304819
2020-11-23,1.4399305648269305
2020-11-24,1.2529542864359757
2020-11-25,-0.824851649653992
2020-11-27,-0.1560894476959685
2020-11-30,-0.876507816874407
2020-12-01,0.9659241724462689
2020-12-02,-0.21118437276069474
2020-12-03,0.17792311675956587
2020-12-04,0.888335573362051
2020-12-07,0.5381404523607857
2020-12-08,0.36755336024033947
2020-12-09,0.42274894741594654
2020-12-10,0.2533787922239374
2020-12-11,0.6883103234612523
2020-12-14,-0.4910290184019233
2020-12-15,0.2631214294843546
2020-12-16,-0.24055121874650418
2020-12-17,-0.7869235088794442
2020-12-18,-0.12137161094795164
2020-12-21,-0.8474749259077117
2020-12-22,-0.2885467827928486
2020-12-23,0.6696721513562842
2020-12-24,-0.18556836007810487
2020-12-28,0.36469357446526435
2020-12-29,-0.010814623749269047
2020-12-30,0.45788181921094934
2020-12-31,0.45054798223148124
2021-01-04,-1.2728010117009827
2021-01-05,0.37969480474246264
2021-01-06,1.173842812238643
2021-01-07,-0.1919902824832182
2021-01-08,-0.06884305912660209
2021-01-11,0.08425850154996689
2021-01-12,0.6732034450199739
2021-01-13,-0.12373298989478947
2021-01-14,0.20666136723272238
2021-01-15,-0.048534077256049926
2021-01-19,-0.11874996620829276
2021-01-20,-0.36615367220644013
2021-01-21,-0.2591813122969159
2021-01-22,0.22180842509318804
2021-01-25,-0.16820773813426093
2021-01-26,-1.1215941811594714
2021-01-27,0.5639039440099578
2021-01-28,-0.2026510884342469
2021-01-29,-0.9343789849411444
2021-02-01,0.16298386700927459
2021-02-02,0.46886150847660374
2021-02-03,0.40688921445994175
2021-02-04,0.07835484863787115
2021-02-05,0.6299722036965011
2021-02-08,0.30031622903089006
2021-02-09,0.5212240602890232
2021-02-10,0.1750871719350244
2021-02-11,0.6252602430349127
2021-02-12,1.1768043692325354
2021-02-16,-0.14932775073587118
2021-02-17,0.6838540792115541
2021-02-18,0.037524386696716566
2021-02-19,0.7534210980922159
2021-02-22,1.6194672314136176
2021-02-23,-0.7513261024412363
2021-02-24,0.33497872301634934
2021-02-25,-0.6851348367895217
2021-02-26,-1.3996469268623883
2021-03-01,0.5115193981772516
2021-03-02,0.25748002027906247
2021-03-03,0.5193325780051595
2021-03-04,-0.5345899103289162
2021-03-05,1.2258257210258365
2021-03-08,1.0386369556895478
2021-03-09,-1.1317413131528868
2021-03-10,0.5466335198139218
2021-03-11,0.39612811376135576
2021-03-12,0.9907245032380573
2021-03-15,0.5888035063968673
2021-03-16,-0.6694490684651061
2021-03-17,0.5284809574800625
2021-03-18,0.08076216099287337
2021-03-19,-0.2731370330062144
2021-03-22,-0.2829422118413497
2021-03-23,-1.0025033373874632
2021-03-24,0.5356400604627851
2021-03-25,1.2555710886872347
2021-03-26,0.6370208758647785
2021-03-29,0.8693940860693102
2021-03-30,-0.3759483179993213
2021-03-31,0.012907210484927559
2021-04-01,-0.38426915687647295
2021-04-05,0.7020548287656698
2021-04-06,-0.07793154363358434
2021-04-07,-0.5306212366522024
2021-04-08,0.33777777489244015
2021-04-09,0.03596621021640007
2021-04-12,0.7219367237551917
2021-04-13,-0.9149957379697057
2021-04-14,0.3618062600781867
2021-04-15,0.08736254067997432
2021-04-16,-0.08221823850000196
2021-04-19,0.4075542362969483
2021-04-20,-0.5513105221956571
2021-04-21,0.19470351889650073
2021-04-22,-1.065792373310051
2021-04-23,0.48030926275060876
2021-04-26,0.1617932426776124
2021-04-27,0.08458200436364023
2021-04-28,0.5945275473847378
2021-04-29,0.5758729208520231
2021-04-30,-0.16503307845953016
2021-05-03,0.5811785941206494
2021-05-04,-0.19982814980586203
2021-05-05,-0.36497881904976504
2021-05-06,1.1358361938250359
2021-05-07,-0.33049084873519735
2021-05-10,0.4735000440203863
2021-05-11,-1.0531154372967393
2021-05-12,-0.6087049783051393
2021-05-13,0.6480674654321341
2021-05-14,0.15436164411455666
2021-05-17,0.08795795058368445
2021-05-18,-0.8093950649696068
2021-05-19,-0.0871230932699381
2021-05-20,-0.1824144927533426
2021-05-21,0.2166876036408184
2021-05-24,0.47826860611501104
2021-05-25,-0.9581202304029504
2021-05-26,0.2010200225995797
2021-05-27,0.914890755846894
2021-05-28,0.11645309022889427
2021-06-01,0.4083370116344361
2021-06-02,0.1621247132842312
2021-06-03,0.3629151878852638
2021-06-04,0.34595811303096174
2021-06-07,-0.24370517906956343
2021-06-08,0.29392851197835224
2021-06-09,-0.4024162124861344
2021-06-10,-0.09275505905739359
2021-06-11,0.0125691943848037
2021-06-14,-0.33399920210042366
2021-06-15,0.02483813225143628
2021-06-16,-0.8411436308344762
2021-06-17,-1.3090948944622627
2021-06-18,-1.1601891671456734
2021-06-21,1.4326149342340797
2021-06-22,-0.40189990821886984
2021-06-23,-0.5688915441792166
2021-06-24,0.34902415104466283
2021-06-25,0.5110201883078651
2021-06-28,-0.5896373014830469
2021-06-29,-0.902417774472585
2021-06-30,0.7119572421051351
2021-07-01,0.31128188859522055
2021-07-02,-0.09514135711978246
2021-07-06,-1.6230955238862577
2021-07-07,0.22130393984462132
2021-07-08,-0.9301413500029677
2021-07-09,0.6536171560558567
2021-07-12,-0.45852061938963423
2021-07-13,-0.5916678476677397
2021-07-14,-0.3122424417590423
2021-07-15,-0.11052564376580712
2021-07-16,-0.20616102199212696
2021-07-19,-1.5318700720924479
2021-07-20,2.05163337339466
2021-07-21,0.46721191891749664
2021-07-22,-0.7287085270314431
2021-07-23,0.39532893460053214
2021-07-26,0.3440444731483849
2021-07-27,-0.24081363591902666
2021-07-28,0.07593283058165222
2021-07-29,0.5925682029645403
2021-07-30,-0.6014720905494298
2021-08-02,-0.5009591380012429
2021-08-03,0.21507699003791306
2021-08-04,-1.1102754234343322
2021-08-05,0.7296767263118326
2021-08-06,0.61993987871192
2021-08-09,-0.18116025657279702
2021-08-10,0.46304401874408346
2021-08-11,0.5059217515906643
2021-08-12,-0.4684846042789694
2021-08-13,-0.5008821438855398
2021-08-16,-0.1093604750380025
2021-08-17,-0.08347644116857443
2021-08-18,-1.3630630283010614
2021-08-19,-0.3515655595676474
2021-08-20,0.6929939429368057
2021-08-23,0.8730756171921282
2021-08-24,-0.0449090149769255
2021-08-25,-0.015391746156084291
2021-08-26,-0.2680512713859627
2021-08-27,0.6716237746523446
2021-08-30,-0.07257556130083287
2021-08-31,-0.9033048640318602
2021-09-01,-0.4239826643453826
2021-09-02,0.5497735275319815
2021-09-03,-0.651918700115628
2021-09-07,-1.2450096194154032
2021-09-08,-0.011845837434793068
2021-09-09,-0.13684422681094183
2021-09-10,-0.44537473777536835
2021-09-13,0.7977515200449534
2021-09-14,-1.0949165302239159
2021-09-15,0.3736409386498143
2021-09-16,-1.3829986379925772
2021-09-17,-0.09916691884134239
2021-09-20,-0.5101363479926966
2021-09-21,-1.4966691925512832
2021-09-22,0.6348307715735645
2021-09-23,0.9201540073857666
2021-09-24,0.17946801644889512
2021-09-27,0.45720526355452834
2021-09-28,-0.25405013320600217
2021-09-29,0.1649757986145425
2021-09-30,-1.4733506162264882
2021-10-01,0.27868140467226266
2021-10-04,0.2060277571217612
2021-10-05,-0.121429004206848
2021-10-06,0.5240025388164229
2021-10-07,1.8464975593210777
2021-10-08,1.0071175717074066
2021-10-11,1.251151611141992
2021-10-12,0.3096552196502599
2021-10-13,-1.3501894105921703
2021-10-14,0.06278318144427551
2021-10-15,0.5294445818442299
2021-10-18,-1.0227972575376822
2021-10-19,0.504439691517427
2021-10-20,0.5959307933611717
2021-10-21,-0.26988911886555916
2021-10-22,0.4192540810460773
2021-10-25,-0.1937230537697731
2021-10-26,-2.5438163744133955
2021-10-27,-0.6152421753687146
2021-10-28,0.4902130497799361
2021-10-29,-0.6556220685702383
2021-11-01,-0.2928394242372679
2021-11-02,-0.7774335687743316
2021-11-03,-0.05279420946514272
2021-11-04,-2.9525586598132025
2021-11-05,0.8479080928749183
2021-11-08,-0.03126444181107976
2021-11-09,0.14489446134181685
2021-11-10,-0.3704534726445267
2021-11-11,-1.7603109638658547
2021-11-12,1.0330776799324388
2021-11-15,-0.6050757037025142
2021-11-16,-0.7765255394798027
2021-11-17,-0.6189536594052655
2021-11-18,-0.5745993604793481
2021-11-19,-0.187467846303869
2021-11-22,1.960645598355055
2021-11-23,-0.49370532515462573
2021-11-24,-0.5943485896796337
2021-11-26,-1.2104322363994848
2021-11-29,-0.6084186107278066
2021-11-30,-1.6244312893672825
2021-12-01,-0.38412813886309116
2021-12-02,0.6273098048917926
2021-12-03,1.053708754240619
2021-12-06,1.7121686004212364
2021-12-07,-0.4624580857252137
2021-12-08,0.5773029535139294
2021-12-09,-0.16799928469983091
2021-12-10,-0.016247230066386564
2021-12-13,0.48487875934128905
2021-12-14,-0.4450421982623566
2021-12-15,1.1422235676153814
2021-12-16,-0.27338544513886653
2021-12-17,-1.7216207025266685
2021-12-20,-1.7152907409766218
2021-12-21,1.3044751084289261
2021-12-22,-1.0817460803180237
2021-12-23,0.6731672711562424
2021-12-27,0.697928439867106
2021-12-28,0.7367713826203406
2021-12-29,-0.328667393332663
2021-12-30,-0.12389434727699708
2021-12-31,0.5232992169266808
2022-01-03,-0.30099127592178054
2022-01-04,1.225941430229962
2022-01-05,-0.9557803024548636
2022-01-06,1.289259981621857
2022-01-07,0.8106724099063785
2022-01-10,1.1049446881943943
2022-01-11,0.897157305431036
2022-01-12,-0.6497814862990744
2022-01-13,-0.5877269414338379
2022-01-14,0.6823121897738839
2022-01-18,-0.7850392557794929
2022-01-19,-0.7157701630075267
2022-01-20,-0.7758951819730739
2022-01-21,-0.23725987432506218
2022-01-24,1.5682929793895033
2022-01-25,-0.4084812649452639
2022-01-26,-1.0407451384329078
2022-01-27,-1.3210115602615176
2022-01-28,-0.3380403113520704
2022-01-31,-0.2292724931812714
2022-02-01,-0.6787926991886393
2022-02-02,0.5120315883585431
2022-02-03,-1.351760999518256
2022-02-04,-0.38749802949193246
2022-02-07,0.500636743065835
2022-02-08,0.7120472698278464
2022-02-09,0.4088077925129749
2022-02-10,-2.853166875970274
2022-02-11,1.589073777083139
2022-02-14,-1.0037443725776234
2022-02-15,-0.4423840530971212
2022-02-16,0.9219155125357509
2022-02-17,0.8725962873412085
2022-02-18,0.4464656676289479
2022-02-22,0.2939238377849734
2022-02-23,0.18838376320574965
2022-02-24,2.1439478105126937
2022-02-25,2.8044388858800726
2022-02-28,1.5423780016338027
2022-03-01,-0.12899254042597003
2022-03-02,1.4426124839176178
2022-03-03,0.7896608882127467
2022-03-04,2.2681938220873468
2022-03-07,0.1803261301285294
2022-03-08,-3.1068709933919116
2022-03-09,-0.47251133753070657
2022-03-10,0.8154587290527057
2022-03-11,-1.5865816392755259
2022-03-14,-1.4441434876214025
2022-03-15,0.17938550070676137
2022-03-16,-2.869130582928939
2022-03-17,1.0528143514096544
2022-03-18,-1.2961173149087872
2022-03-21,2.4209115975420086
2022-03-22,0.10751321681464922
2022-03-23,0.6659499705043559
2022-03-24,0.17753027922364079
2022-03-25,0.8014075297935281
2022-03-28,-1.9225460467777373
2022-03-29,0.6583933294765976
2022-03-30,0.3605708535514271
2022-03-31,-1.3364069328525907
2022-04-01,1.1010506128714301
2022-04-04,-0.2597234864526874
2022-04-05,-0.25964477639031636
2022-04-06,0.3407414881778363
2022-04-07,1.9460280776657999
2022-04-08,-0.6747972763065897
2022-04-11,-0.22773089410930988
2022-04-12,1.5630832907150851
2022-04-13,0.9551408137374348
2022-04-14,2.997487208513716
2022-04-18,0.04150855279201022
2022-04-19,0.3459702710579707
2022-04-20,0.9238447561657549
2022-04-21,-1.6277720704909624
2022-04-22,0.03147775041028879
2022-04-25,-1.136390229111643
2022-04-26,0.019767873015483575
2022-04-27,0.3487036112043389
2022-04-28,-0.5597339129282827
2022-04-29,-1.6752754605595297
2022-05-02,-0.13279404142155557
2022-05-03,0.7594824415214484
2022-05-04,2.2356842448972194
2022-05-05,-0.735660435143367
2022-05-06,-1.075694382023518
2022-05-09,-1.9488266953548596
2022-05-10,-0.1047942057852285
2022-05-11,-1.158365206823508
2022-05-12,-0.7268073089181023
2022-05-13,0.012708707493985704
2022-05-16,0.33520542858891905
2022-05-17,1.3474658830617736
2022-05-18,-1.9596015517811651
2022-05-19,-0.6812202477696891
2022-05-20,-0.9680234778905658
2022-05-23,0.9518089192906624
2022-05-24,1.1364774291326656
2022-05-25,0.6568317783139408
2022-05-26,2.0611372115939903
2022-05-27,0.8860352461488544
2022-05-31,-1.2063883979982808
2022-06-01,0.004025020464372971
2022-06-02,0.4183376200833559
2022-06-03,0.3246026067787715
2022-06-06,-0.09695360021867695
2022-06-07,1.1043642987574631
2022-06-08,-0.5698777151147927
2022-06-09,-0.07415107169398644
2022-06-10,-0.6093158138562852
2022-06-13,-1.4315121726739954
2022-06-14,-0.7791669781034894
2022-06-15,0.27908947189178634
2022-06-16,-1.4635270485481158
2022-06-17,-0.1340401716296257
2022-06-21,2.744765665618835
2022-06-22,0.02425216568911321
2022-06-23,0.16276453746742015
2022-06-24,1.604116330883023
2022-06-27,0.8861093864234364
2022-06-28,-0.3647364447395944
2022-06-29,-0.3997289431618025
2022-06-30,0.5595003167924788
2022-07-01,0.9054524837939198
2022-07-05,-3.2525347495100734
2022-07-06,1.293659863908191
2022-07-07,0.8775981982676412
2022-07-08,-0.4969926351430963
2022-07-11,0.026609550868151078
2022-07-12,-1.0907142981412699
2022-07-13,-1.1987266210308196
2022-07-14,-1.2572674123615475
2022-07-15,0.13783094317171216
2022-07-18,-0.873031889072229
2022-07-19,1.606465712919647
2022-07-20,0.5306315053633369
2022-07-21,-0.05658754417332748
2022-07-22,-0.02020139797724683
2022-07-25,0.547657537501334
2022-07-26,-0.024678795928460485
2022-07-27,-0.06474250334304493
2022-07-28,0.6202040560803287
2022-07-29,1.2730327831587727
2022-08-01,0.21319975215417986
2022-08-02,-0.07259923420547396
2022-08-03,0.33275751578909124
2022-08-04,2.8023744271158395
2022-08-05,-0.3731572835908897
2022-08-08,-1.2763963286029447
2022-08-09,0.6413161894360375
2022-08-10,0.39503370479868694
2022-08-11,0.06141530811911811
2022-08-12,0.8223703672853027
2022-08-15,0.5323973013925368
2022-08-16,0.22611418752570447
2022-08-17,0.660967058017926
2022-08-18,0.1155702134224929
2022-08-19,-0.3899808282108777
2022-08-22,-0.17661523498242157
2022-08-23,0.26763187191809296
2022-08-24,0.8015333792973393
2022-08-25,0.8524386274005369
2022-08-26,-1.4519343984362791
2022-08-29,-0.16298153714540117
2022-08-30,-1.1466940969607942
2022-08-31,-0.39078535753900084
2022-09-01,-0.7937039519349044
2022-09-02,-0.2180733419215965
2022-09-06,0.5904745517319012
2022-09-07,0.9249386700163861
2022-09-08,-0.1675831867935441
2022-09-09,0.785934412961302
2022-09-12,-0.12801537776998737
2022-09-13,-1.5731839234187412
2022-09-14,0.9209080874430505
2022-09-15,-0.19688373489760927
2022-09-16,-0.10028344350303933
2022-09-19,0.619140860323922
2022-09-20,-0.5338369587510797
2022-09-21,-0.11931870561161569
2022-09-22,0.7269950264448943
2022-09-23,-1.4562563852829453
2022-09-26,-0.9768903352982282
2022-09-27,-0.5817129970376803
2022-09-28,0.08536692517555412
2022-09-29,-0.599766549279166
2022-09-30,-0.5564462245255458
2022-10-03,1.5101869053743489
2022-10-04,1.3370279960156144
2022-10-05,0.16968105714660123
2022-10-06,-0.3651932705408165
2022-10-07,0.2459743606418689
2022-10-10,0.5470439486957166
2022-10-11,-0.12925098772655055
2022-10-12,-2.1874222088802475
2022-10-13,1.0508519456656331
2022-10-14,-2.067947124222962
2022-10-17,1.3005973041261423
2022-10-18,2.721301503077038
2022-10-19,1.1131864069383584
2022-10-20,-0.0715167742951283
2022-10-21,1.6453146878636506
2022-10-24,0.48231998855026903
2022-10-25,0.103939378454865
2022-10-26,-0.4061119921351049
2022-10-27,0.5175025105277321
2022-10-28,0.8276473533591833
2022-10-31,-0.1324748127562802
2022-11-01,-0.1188294793774522
2022-11-02,-0.7980219766429983
2022-11-03,-2.372265986543974
2022-11-04,-0.1405737440285628
2022-11-07,0.0363309513205379
2022-11-08,-0.014216161672746573
2022-11-09,-1.5112324566652822
2022-11-10,1.2997553279970353
2022-11-11,-4.215583278921269
2022-11-14,-1.7361630961789012
2022-11-15,0.5120273086256932
2022-11-16,0.146673338206593
2022-11-17,-0.02707121628888365
2022-11-18,0.8068333372775055
2022-11-21,1.3163491144006298
2022-11-22,-0.6321546290428397
2022-11-23,-0.4615776727339619
2022-11-25,0.6626942122863636
2022-11-28,-0.43139224956233746
2022-11-29,-0.28939104923589576
2022-11-30,0.9489783748469531
2022-12-01,-0.34048104313572275
2022-12-02,2.361915945058955
2022-12-05,-1.2580468641424871
2022-12-06,-0.09321954732646064
2022-12-07,-0.4091991818905767
2022-12-08,0.17115191482563283
2022-12-09,-0.5308179045865087
2022-12-12,0.4595185046025389
2022-12-13,-0.9303449129981297
2022-12-14,0.30341599235033695
2022-12-15,-1.2867582586069144
2022-12-16,0.6516911560322661
2022-12-19,-0.4913303089287174
2022-12-20,-0.26090699615281443
2022-12-21,0.35647177140286374
2022-12-22,-0.41834424823196575
2022-12-23,0.20892073235509565
2022-12-27,0.4596929793944863
2022-12-28,-0.7700969997021663
2022-12-29,0.3714551448827555
2022-12-30,-0.1316252096410785
2023-01-03,-0.6553744842626028
2023-01-04,-0.10278867718871068
2023-01-05,-0.36419733712139446
2023-01-06,0.7684954177204456
2023-01-09,-2.275299263836863
2023-01-10,0.5985233978912734
2023-01-11,0.762136710792914
2023-01-12,0.3360645723645595
2023-01-13,-1.4433457043908786
2023-01-17,-0.4372375627994492
2023-01-18,-0.6228952325131945
2023-01-19,-0.46730378140586915
2023-01-20,0.07252676567441811
2023-01-23,-0.0786941778406887
2023-01-24,0.5569388285761188
2023-01-25,-0.9195976747923935
2023-01-26,0.1538039634015075
2023-01-27,0.1493765282557429
2023-01-30,-0.46116915467551023
2023-01-31,1.0054147967011184
2023-02-01,-0.6294022028502417
2023-02-02,-0.21941646259987288
2023-02-03,-0.2418958976917774
2023-02-06,1.3092762881995486
2023-02-07,0.817851523480755
2023-02-08,0.04911174462563624
2023-02-09,-1.432230331086605
2023-02-10,0.190423747906459
2023-02-13,-0.6994373691259437
2023-02-14,-0.7990883865409213
2023-02-15,0.5615605661194797
2023-02-16,0.08793610464985199
2023-02-17,1.4577876273539292
2023-02-21,-0.7218197159033851
2023-02-22,-0.3878875903365336
2023-02-23,-0.6426717495168641
2023-02-24,0.8893315094788303
2023-02-27,-0.9542157960632182
2023-02-28,-0.6318213075818386
2023-03-01,0.13092136509368998
2023-03-02,0.4802555783700165
2023-03-03,0.25668736339352927
2023-03-06,-0.4784166299170067
2023-03-07,-0.8050141363750041
2023-03-08,-0.4717572404076691
2023-03-09,-0.6932287390432074
2023-03-10,-0.6132025934933456
2023-03-13,0.3534063447506537
2023-03-14,-0.24970375115867066
2023-03-15,-0.889956755495912
2023-03-16,-0.060367127563546404
2023-03-17,-1.8397743836446219
2023-03-20,1.220514958302257
2023-03-21,0.655962334881258
2023-03-22,-1.9078836816396707
2023-03-23,-0.8510613473698522
2023-03-24,1.0431457391288221
2023-03-27,1.4911452888014987
2023-03-28,0.5831287026328339
2023-03-29,0.5775191712767569
2023-03-30,-0.5588203825516022
2023-03-31,0.005274459743825054
2023-04-03,0.5830716943015766
2023-04-04,-0.21523978917810538
2023-04-05,-0.2160297693526257
2023-04-06,-0.47862713971187076
2023-04-10,1.0614956163158102
2023-04-11,-0.16141086073800315
2023-04-12,0.4001259856551259
2023-04-13,0.26367049313565744
2023-04-14,-0.4588061594919306
2023-04-17,0.4291514981030349
2023-04-18,0.2059972312509279
2023-04-19,-0.29786995026334245
2023-04-20,0.2145033318488978
2023-04-21,-0.9055827971301467
2023-04-24,0.1964737888511514
2023-04-25,-0.9029353799266102
2023-04-26,-2.0563313198587383
2023-04-27,0.5046959331404376
2023-04-28,0.10629017740751726
2023-05-01,0.1738625322753547
2023-05-02,-1.7427917647612727
2023-05-03,0.04991982285061871
2023-05-04,-1.3364497857233466
2023-05-05,1.6091037386531868
2023-05-08,-1.0556034452021414
2023-05-09,0.104923147049639
2023-05-10,1.285985188487418
2023-05-11,-0.5086187817000962
2023-05-12,-0.48637843886026144
2023-05-15,0.7150857741055069
2023-05-16,-0.3099853198928371
2023-05-17,1.374000482283961
2023-05-18,0.14996481480409968
2023-05-19,-0.16266291520388573
2023-05-22,0.8505114413980077
2023-05-23,-0.30927445912971424
2023-05-24,-0.11155499300213136
2023-05-25,-0.9032685057817772
2023-05-26,1.0583010734421472
2023-05-30,0.2558844399344238
2023-05-31,-0.20973743636669726
2023-06-01,-0.05018149734223245
2023-06-02,2.0234908891098797
2023-06-05,0.0756352777108064
2023-06-06,0.6804743208902567
2023-06-07,1.4318067763000537
2023-06-08,0.5985442811025434
2023-06-09,-0.3730843071525737
2023-06-12,-0.3340937766942063
2023-06-13,0.6976756629977742
2023-06-14,-0.3952657112368114
2023-06-15,0.9728292827112299
2023-06-16,0.7525145419870544
2023-06-20,-0.8438432716044815
2023-06-21,0.3359870798240916
2023-06-22,-0.5479914123958312
2023-06-23,-0.32120962887786264
2023-06-26,0.4830919808221826
2023-06-27,0.7846193573588545
2023-06-28,-0.2410140271024215
2023-06-29,1.9436496432961765
2023-06-30,0.16898108955335317
2023-07-03,0.3193871656183214
2023-07-05,-0.3291212200283694
2023-07-06,-0.5667812683499943
2023-07-07,-0.5252223254240751
2023-07-10,1.0870806356601308
2023-07-11,0.9075678965644116
2023-07-12,-0.4363170378138873
2023-07-13,-0.42180776866007463
2023-07-14,-0.01020316339232206
2023-07-17,1.3803326400233635
2023-07-18,-1.079355471449894
2023-07-19,-0.07771257981187571
2023-07-20,0.9832270142584956
2023-07-21,-0.4247581963372326
2023-07-24,-0.1398075313815912
2023-07-25,0.07657122180491287
2023-07-26,0.8219583262397809
2023-07-27,-1.1870327564088416
2023-07-28,-0.07340494050496074
2023-07-31,-0.2631886387250583
2023-08-01,0.06866937855204223
2023-08-02,-0.6735557203767162
2023-08-03,-0.4958283090053311
2023-08-04,0.16217733021298364
2023-08-07,1.139115390645666
2023-08-08,-1.4034505427188257
2023-08-09,0.5007352084418732
2023-08-10,-0.9357974732111574
2023-08-11,0.6809864398392919
2023-08-14,0.2457501612589457
2023-08-15,-1.5362167718214887
2023-08-16,0.3053365139899421
2023-08-17,-1.0760840150845572
2023-08-18,-0.26494104021669607
2023-08-21,0.16555247646716512
2023-08-22,0.23966825409604495
2023-08-23,-0.11614821692309944
2023-08-24,-0.26663554848477133
2023-08-25,0.160268249624204
2023-08-28,0.15409936452321973
2023-08-29,0.03441545858720231
2023-08-30,0.5915312836690266
2023-08-31,-0.1510180463155759
2023-09-01,0.18021863082458986
2023-09-05,-1.2115592471161283
2023-09-06,-2.5986966308188544
2023-09-07,0.07933946250089828
2023-09-08,0.5116005395209636
2023-09-11,0.10726218837100536
2023-09-12,0.10739999336363816
2023-09-13,-0.5886957227487964
2023-09-14,1.1587900749537754
2023-09-15,-0.4078238838408403
2023-09-18,0.23009723994040956
2023-09-19,-1.1073705618437193
2023-09-20,-1.109879100421485
2023-09-21,-1.0338902104866972
2023-09-22,-0.4626163130395386
2023-09-25,0.12549933625464202
2023-09-26,-0.29279730691069683
2023-09-27,1.0038743901233458
2023-09-28,0.6706592209619664
2023-09-29,-0.14571668595403847
2023-10-02,-0.8759061594923788
2023-10-03,0.09307594904358896
2023-10-04,-0.17463144853427934
2023-10-05,-0.4506565252526618
2023-10-06,0.8281361306112056
2023-10-09,5.946948484974452
2023-10-10,-0.6236716266164455
2023-10-11,0.30159612273910924
2023-10-12,-0.4387902702023406
2023-10-13,1.808186653027767
2023-10-16,0.09853130617418122
2023-10-17,-0.6690741982407806
2023-10-18,0.015026896400193194
2023-10-19,-0.5082699505331668
2023-10-20,-0.6824439553581129
2023-10-23,-0.8482848907906757
2023-10-24,-0.6142051542557878
2023-10-25,0.27467860865876254
2023-10-26,0.9888999940828934
2023-10-27,-1.5389270284835297
2023-10-30,1.39360536445822
2023-10-31,0.8181560413051294
2023-11-01,0.4020609698370278
2023-11-02,3.812450174740921
2023-11-03,0.047160938485862135
2023-11-06,0.1761456194896598
2023-11-07,-0.6657299649966928
2023-11-08,-1.083318370179533
2023-11-09,-0.10034535675416606
2023-11-10,0.5365317276578747
2023-11-13,1.0175645034384089
2023-11-14,0.7645685966108
2023-11-15,-0.33678784223055147
2023-11-16,-0.12239828590694755
2023-11-17,0.645648689618319
2023-11-20,0.8253124729601387
2023-11-21,-0.10579930180281569
2023-11-22,0.015775972602843417
2023-11-24,0.061479873455168865
2023-11-27,-0.5968360008736164
2023-11-28,0.05639377335300947
2023-11-29,-0.9191060344462156
2023-11-30,0.9913525865118408
2023-12-01,0.5115847020217258
2023-12-04,1.144309532849482
2023-12-05,-0.6552670768517704
2023-12-06,0.936264816641878
2023-12-07,0.4667797304009954
2023-12-08,0.48983789139971795
2023-12-11,1.0130029236482363
2023-12-12,1.1666876602334508
2023-12-13,0.8628256287643886
2023-12-14,-0.5420838344050068
2023-12-15,-0.692132807113567
2023-12-18,0.3899157685869304
2023-12-19,0.5394563941134468
2023-12-20,-1.3659872120025218
2023-12-21,0.42738617856209243
2023-12-22,0.5629436608797791
2023-12-26,0.4597010064111481
2023-12-27,0.09696158291463658
2023-12-28,0.007499231854303164
2023-12-29,0.29180993261258875
